obs  precinct  busha bushm gorea gorem brownea brownem nadera naderm harrisa harrism hagelina hagelinm buchanana buchananm mcreynoldsa mcreynoldsm phillipsa phillipsm mooreheada mooreheadm undera underm overa overm
1 1   494 496  536  537 3 2 16 16 0 0 0 0  6  6 0 0 1 0 0 0 15 12  47  48
2 1A  676 680  269  269 1 1 10 10 0 0 0 0  5  5 0 0 0 0 0 0 15 11  20  20
3 1B  527 527  491  492 1 1 10 10 1 1 0 0  4  4 1 1 0 0 0 0 13 12  32  32
4 1C  590 590  406  406 4 4 21 21 0 0 2 2  2  2 2 2 0 0 0 0  9  9  24  24
5 2   824 825  656  656 2 2 18 18 0 0 1 1  6  6 2 2 1 1 0 0 15 13  41  42
6 3   606 606  770  770 3 3 33 33 0 0 0 0  6  6 0 0 2 2 0 0 18 18  49  49
7 3A  249 249  266  265 0 0 13 13 0 0 0 0  5  5 2 2 0 0 0 0  6  6  15  16
8 3B  238 239  333  333 1 1  4  4 0 0 0 0  4  4 0 0 0 0 0 0  5  4  10  10
9 3C  648 649  534  534 4 4 10 10 0 0 0 0  6  6 0 0 0 0 0 0 12 11  20  20
10 4   359 359  429  429 1 1 19 19 0 0 0 0  5  5 0 0 0 0 0 0 13 13  23  23
11 4A  419 420  383  383 1 1 14 15 0 0 0 0  6  6 1 1 0 0 0 0 24 22  24  24
12 4B  578 578  496  498 2 2 28 28 0 0 0 0  7  7 1 1 1 1 0 0 13 11  32  32
13 4C  280 280  281  281 1 1  3  3 0 0 0 0  2  2 0 0 0 0 0 0  3  3  12  12
14 4D  519 519  624  625 7 7 16 16 1 1 0 0  6  6 0 0 0 0 0 0 16 15  41  41
15 4E  318 320  310  311 1 1 14 14 0 0 0 0  5  5 0 0 0 0 0 0 11  8  17  17
16 4F    0   0    0    0 0 0  0  0 0 0 0 0  0  0 0 0 0 0 0 0  0  0   0   0
17 5   209 211  337  335 2 2 10 10 0 0 1 1  0  1 1 1 1 1 0 0 12 10  22  23
18 5A  521 521  666  666 0 0 14 14 1 1 3 3  6  6 0 0 0 0 0 0  8  8  51  51
19 5B  812 813  809  809 2 2  7  7 0 0 1 1 11 11 0 0 1 1 0 0 12 12  72  71
20 5C  311 311  293  293 2 2  8  8 0 0 0 0  5  5 0 0 0 0 0 0  4  4  13  13
21 5D  451 451  521  520 3 3 24 24 0 0 2 2  8  8 0 0 1 1 1 1  9 10  35  35
22 5E  262 262  207  207 3 3  6  6 0 0 0 0  5  5 0 0 0 0 0 0  5  5   7   7
23 6   620 620  688  688 1 1 15 15 0 0 0 0  7  7 3 3 0 0 0 0 20 20  20  20
24 6A  387 388  429  430 2 2 20 20 0 0 2 2  5  5 0 0 0 0 0 1 16 13  22  22
25 6B  105 105  211  211 1 1  6  6 0 0 0 0  3  3 0 0 0 0 0 0  4  4  19  19
26 6C  480 482  424  424 1 1 16 16 0 0 2 2  2  2 0 0 1 1 0 0 20 17   9  10
27 7   606 607  475  475 2 2 26 26 0 0 0 0  3  3 0 0 0 0 0 0 11 11  36  35
28 7A   17  17   14   14 0 0  0  0 0 0 0 0  2  2 0 0 0 0 0 0  0  0   0   0
29 8   529 530  400  400 2 2 25 25 0 0 0 0  4  4 1 1 0 0 0 0  5  4  26  26
30 8A  310 310  173  173 2 2  5  5 0 0 1 1  7  7 1 1 0 0 0 0  3  3  31  31
31 12  244 244  286  287 3 3 15 15 0 0 0 0  5  5 0 0 2 2 0 0  3  2   8   8
32 12A 618 618  650  651 2 2 30 30 0 0 1 1  4  4 0 0 0 0 0 0  5  5  21  20
33 12B 211 211  158  159 2 2 11 11 0 0 0 0  0  0 0 0 0 0 0 0  5  4   8   8
34 12C 756 756  697  697 2 2 47 47 0 0 0 0 11 11 0 0 3 3 0 0 12 12  26  26
35 12D 534 534  522  522 1 1 31 31 0 0 2 2  2  2 0 0 6 5 0 0  7  7  28  29
36 12E   0   0    0    0 0 0  0  0 0 0 0 0  0  0 0 0 0 0 0 0  0  0   0   0
37 13  382 382  760  761 3 3 28 28 0 0 0 0 12 12 0 0 1 1 0 0 18 17  75  75
38 13A  65  65  130  130 0 0  4  4 0 0 0 0  3  3 1 1 0 0 0 0  0  0  14  14
39 13B  56  56   78   78 0 0  0  0 0 0 0 0  0  0 0 0 0 0 0 0  2  2  13  13
40 13C  93  93  201  201 0 0  1  1 0 0 0 0  1  1 0 0 0 0 0 0 14 14  19  19
41 13D  24  24   24   24 0 0  2  2 0 0 0 0  0  0 0 0 0 0 0 0  0  0   0   0
42 14  578 578  344  345 1 1 20 20 0 0 0 0  6  6 0 0 0 0 0 0  0  0  16  15
43 16  705 707  708  710 0 0 24 24 0 0 0 0  4  4 1 0 0 0 0 0 10  8  28  27
44 16A 235 237  679  682 0 0 10 10 1 1 0 0 18 18 0 0 1 1 0 0 14  9  41  41
45 17  204 204  270  272 2 2  4  3 0 0 0 0  2  2 0 0 1 1 1 1  5  3  25  26
46 17B  81  81   98   98 0 0  4  4 0 0 0 0  0  0 0 0 0 0 0 0  2  2   3   3
47 18  223 223  415  415 0 0 14 14 0 0 0 0  2  2 0 0 0 0 0 0  9  9  60  60
48 18A 402 402  740  741 2 2 22 22 0 0 1 1 15 15 2 2 1 1 1 2 39 37 107 107
49 18B 354 354  772  775 6 6 21 21 0 0 0 0  3  3 0 0 0 0 0 0 22 23  64  60
50 18C 379 380  937  940 1 1 13 12 0 0 1 1 21 21 0 0 0 0 2 2 20 16  74  75
51 18D 555 560 1049 1053 7 7 20 20 0 0 0 0 12 12 1 1 1 1 0 0 63 54  56  56
52 18E  98  98  152  152 2 2  6  6 0 0 0 0  1  1 0 0 0 0 1 1  4  4  10  10
53 18F 102 101  204  205 1 1  1  1 0 0 0 0  7  7 0 0 0 0 1 1  7  7  23  23
54 18G  23  23   20   20 0 0  1  1 0 0 0 0  0  0 0 0 0 0 0 0  0  0   1   1
55 18H   9   9   28   28 0 0  2  2 0 0 0 0  0  0 0 0 0 0 0 0  2  2   2   2
56 18I  73  73  157  157 0 0  5  5 0 0 0 0  3  3 0 0 0 0 0 0  3  3  13  13
57 18J 397 397  901  901 3 3 14 14 0 0 1 1 12 12 4 4 1 1 1 1 21 21  56  56
58 19  396 396 1163 1163 0 0 19 19 0 0 0 0 15 15 1 1 0 0 0 0 22 22 129 129
59 19A 522 523  739  739 1 1 15 15 0 0 0 0  6  6 0 0 1 2 0 0 12 10  38  38
60 20   68  69  407  409 1 1  7  7 0 0 0 0 10 10 1 1 0 0 0 0 12  9  55  55
61 21   62  62  401  402 0 0  5  6 0 0 0 0  5  5 1 1 0 0 0 1  3  0  55  55
62 21A   4   4   61   61 0 0  0  0 0 0 0 0  1  1 0 0 0 0 0 0  0  0   9   9
63 22   76  76  674  674 0 0  6  6 0 0 0 0 18 19 0 0 0 0 1 1 23 22 100 100
64 23   79  79  487  486 0 0  7  7 0 0 0 0  6  6 0 0 0 0 0 0 22 22  57  58
65 24  149 149 1139 1142 1 1  7  7 1 1 0 0 24 24 1 1 0 0 0 0 24 20 113 114
66 25  230 230  233  233 0 0  7  7 0 0 0 0  3  3 0 0 1 1 1 1  3  3  20  20
67 25A 174 174  169  169 0 0  6  6 0 0 0 0  1  1 0 0 0 0 0 0  1  1  10  10
68 25B 226 228  216  217 1 1 10 10 0 0 0 0  3  3 0 0 1 1 0 0  9  5  25  26
69 26  214 214  295  295 0 0 11 11 0 0 1 1  2  2 0 0 0 0 0 0  5  5  19  19
70 26A 251 251  458  459 1 1  7  7 0 0 1 1  3  3 1 0 0 0 1 1 11 10  61  62
71 26B 214 214  306  307 2 2 15 15 0 0 2 2  7  7 0 0 0 0 0 0  9  8  22  22
72 26C 333 333  214  214 1 1 11 11 0 0 0 0  2  2 0 0 0 0 0 0  3  3  10  10
73 27  260 263  662  668 0 0 13 13 0 0 1 1  4  4 0 0 0 0 0 0 31 21  88  89
74 28  671 673  358  359 1 1 13 13 0 0 0 0  9  9 0 0 0 0 1 1 25 22  24  24
75 29  245 245 1013 1014 0 0 12 12 1 0 0 0 23 24 0 0 1 1 0 0 27 25  92  93
76 29A 386 386  531  531 1 1 17 17 0 0 0 0  9  9 1 1 0 0 1 1  6  6  37  37
77 29B  64  64  702  702 0 0  3  3 1 1 0 0 11 11 2 2 0 0 0 0 25 25  37  37
78 29C 315 316  371  371 0 0 12 12 0 0 0 0  2  2 0 0 1 1 0 0  5  4  18  18
79 29D 325 325  512  512 0 0 16 16 0 0 0 0  3  3 2 2 0 0 0 0  4  4  29  29
80 29E  23  23  368  368 0 0  0  0 0 0 0 0  8  8 1 1 0 0 0 0  1  1  11  11
81 29F   9   9   39   39 0 0  2  2 0 0 0 0  3  3 0 0 0 0 0 0  0  0   7   7
82 30  246 245  583  584 1 1  8  8 0 0 0 0  6  6 0 0 0 0 0 0 19 19  45  45
83 30A 222 222  679  683 0 0  9  9 0 0 0 0  5  5 1 1 1 1 0 1 25 20  70  70
84 30B 397 398  906  908 5 5 15 15 0 0 0 0  7  7 0 0 0 0 0 1  9  5  88  88
85 31  519 519  697  697 4 4 28 28 0 0 0 0  7  7 0 0 0 0 0 0  8  7  24  25
86 31A 538 538  598  598 1 1 18 18 1 1 1 1  5  5 1 1 0 0 0 0 16 16  33  33
87 31B 134 133  303  305 0 0  1  1 0 0 0 0  2  2 0 0 0 0 0 0  2  1  12  12
88 31C 211 211  370  372 0 0 12 12 0 0 0 0  3  3 1 0 0 0 0 0  3  3  15  14
89 31D 426 426  480  481 1 1 12 12 0 0 1 1  3  3 0 0 1 1 0 0  8  7  41  41
90 31E 130 130   88   88 1 1  3  3 0 0 0 0  0  0 0 0 0 0 0 0  0  0   4   4
91 31F   0   0    0    0 0 0  0  0 0 0 0 0  0  0 0 0 0 0 0 0  0  0   0   0
92 31G   0   0    0    0 0 0  0  0 0 0 0 0  0  0 0 0 0 0 0 0  0  0   0   0
93 31H   2   2    0    0 0 0  0  0 0 0 0 0  0  0 0 0 0 0 0 0  0  0   0   0
94 32  529 532  681  680 3 3 20 20 0 0 0 0  8  8 1 1 0 0 2 2  9  7  33  33
95 32A 470 471  576  577 2 2 22 22 0 0 0 0  4  4 0 0 1 1 3 4  8  5  33  33
96 33  291 291   45   45 0 0  2  2 0 0 0 0  1  1 0 0 0 0 0 0  1  1   4   4
97 34  187 187  202  202 1 1  9  9 0 0 0 0  5  5 0 0 0 0 0 0  2  2  15  15
98 35    3   3   16   16 0 0  0  0 0 0 0 0  0  0 0 0 0 0 0 0  0  0  10  10
99 36   95  95   46   46 0 0  3  3 0 0 0 0  0  0 0 0 0 0 0 0 11 11  14  14
100 37  325 325  237  238 1 1  3  3 0 0 0 0  4  4 0 0 1 1 1 1 15 14  40  40
101 38   11  11  122  122 0 0  0  0 0 0 0 0  3  3 0 0 0 0 0 0  0  0  23  23
102 38A   1   1    1    1 0 0  0  0 0 0 0 0  0  0 0 0 0 0 0 0  0  0   0   0
103 39  239 239  267  267 6 6 12 12 0 0 0 0  3  3 1 1 1 1 0 0  2  2  18  18
104 40   58  58  391  391 0 0  7  7 0 0 0 0  2  2 1 1 1 1 0 0  5  5  51  51
105 41  613 613  872  875 3 3 18 18 0 0 2 2 11 11 0 0 3 3 1 1 20 20  74  71
106 41A 345 345  377  378 1 1 10 10 0 0 0 0  5  5 0 0 0 0 0 0  4  4  30  29
107 41B 696 698  847  851 1 1 20 21 0 0 2 2  6  5 0 0 2 3 1 2 24 17  65  64
108 41C 430 431  467  468 0 0  7  7 0 0 0 0  1  1 0 0 0 0 0 0 20 18  23  23
109 41D 480 480  653  653 6 6 20 20 0 0 0 0  2  2 0 0 1 1 0 0 15 15  38  38
110 42  547 547  637  637 2 2 23 23 0 0 1 1  8  9 1 1 0 0 0 0  5  4  39  39
111 42A 400 400  332  332 0 0  5  5 0 0 0 0  4  4 0 0 2 2 0 0  3  3   7   7
112 43   22  22   53   53 0 0  0  0 0 0 0 0  0  0 0 0 0 0 0 0  1  1   7   7
113 44   78  78  167  167 0 0  1  1 0 0 1 1  1  1 0 0 0 0 0 0  2  2  23  23
114 44A  27  27  180  180 0 0  0  0 0 0 0 0  0  0 0 0 0 0 0 0  6  6  32  32
115 44B  42  42  182  182 0 0  3  3 0 0 0 0  1  1 2 2 0 0 1 1  2  2  41  41
116 44C  32  32   33   33 0 0  0  0 0 0 0 0  2  2 0 0 0 0 0 0  1  1  14  14
117 44D   0   0    0    0 0 0  0  0 0 0 0 0  0  0 0 0 0 0 0 0  0  0   0   0
118 44E   0   0    0    0 0 0  0  0 0 0 0 0  0  0 0 0 0 0 0 0  0  0   0   0
119 45  520 520  674  675 0 0 19 19 0 0 0 0  7  7 0 0 0 0 0 0 10  9  35  35
120 45A 386 388  518  519 1 1 13 13 0 0 1 1  4  4 0 1 0 0 0 0 19 15  28  28
121 46  110 110  156  156 0 0  5  5 0 0 1 1  2  2 0 0 0 0 0 0  0  0  12  12
122 46A 124 124  176  176 0 0  9  9 0 0 0 0  2  2 1 1 0 0 0 0  9  9  10  10
123 46B  10  10   29   29 0 0  0  0 0 0 0 0  1  1 0 0 0 0 0 0  0  0   5   5
124 47  445 446  588  588 1 1 12 12 1 1 0 0 12 12 1 1 2 2 0 0 11 10  33  33
125 47A 706 708  695  695 2 2 19 19 1 1 0 0  4  4 0 0 0 0 0 0  5  3  16  16
126 47B 445 445  458  458 1 1 13 13 0 0 0 0  9  9 0 0 0 0 0 0 10 10  19  19
127 47C 684 684  660  660 3 3 13 13 0 0 1 1  6  6 0 0 0 0 1 1 34 34  42  42
128 47D 414 414  675  675 2 2  6  6 0 0 0 0  5  5 0 0 0 0 0 0 10 10  11  11
129 48  639 639  492  492 2 2 19 19 0 0 0 0  6  6 2 2 0 0 0 0  6  6  24  24
130 49  582 582  633  633 1 1 38 38 0 0 2 2  5  5 1 1 2 2 0 0  8  8  28  28
131 50  391 394  305  305 0 0  7  8 0 0 0 0  5  5 1 1 0 0 0 0  9  4  23  24
132 51  316 318  397  400 1 1  6  6 0 0 0 0  4  4 0 0 1 1 1 1 42 36  86  87
133 52  629 631  609  611 5 5 22 22 0 0 0 0  7  7 0 0 0 1 0 0 36 32  52  51
134 52A  56  56   44   44 0 0  2  2 0 0 0 0  1  1 0 0 0 0 0 0  1  1   1   1
135 53  283 283  358  359 1 1 13 13 0 0 0 0  0  0 0 0 1 0 0 0  5  4  18  19
136 54   11  11  271  271 0 0  0  0 0 0 0 0  2  2 1 1 1 1 0 0  8  8  47  47
137 55   27  27  247  248 0 0  1  1 0 0 0 0  2  2 3 3 0 0 0 0 12 11  32  32
138 56  121 121  228  228 1 1  8  8 0 0 0 0  7  7 0 0 0 0 0 0  3  3  31  31
139 56A  10  10   80   80 0 0  0  0 0 0 0 0  1  1 0 0 0 0 0 1  2  1  14  14
140 56B  81  81  166  166 1 1  4  4 0 0 0 0  0  0 0 0 0 0 0 0  2  2  16  16
141 56C  41  41  199  199 0 0  1  1 1 1 0 0  2  2 0 0 0 0 0 0  2  2  23  23
142 57  330 330  614  614 1 1 15 15 1 1 1 1  1  1 1 1 0 0 1 1 19 19  61  61
143 58  427 428  338  340 0 0 16 16 0 0 0 0  2  2 1 1 0 0 1 1  8  5  26  26
144 58A 494 496  399  399 1 1 13 13 0 0 0 0  4  4 0 0 0 0 0 0  6  4  35  35
145 59   21  21 1208 1209 0 0  1  1 2 2 0 0  7  7 2 2 0 0 1 1 12 11 237 237
146 59A   0   0    0    0 0 0  0  0 0 0 0 0  0  0 0 0 0 0 0 0  0  0   0   0
147 60   66  66  529  529 1 1  6  6 1 1 1 1 13 13 1 1 1 1 0 0 19 19  58  58
148 61  145 145 1060 1059 1 1  7  7 0 0 0 0 34 34 3 3 1 1 0 0 12 13 128 128
149 61A 220 220  194  194 0 0  0  0 0 0 0 0  0  0 0 0 1 1 0 0  2  2  17  17
150 61B 201 201  381  381 0 0  7  7 0 0 0 0  1  1 0 0 0 0 0 0  3  3  31  31
151 61C   7   7    6    6 0 0  3  3 0 0 0 0  0  0 0 0 0 0 0 0  0  0   0   0
152 62   65  65  852  854 1 1  4  5 0 0 0 0  8  8 2 1 0 0 0 0 19 17 123 123
153 63  271 272  259  259 2 2 13 13 0 0 0 0  5  5 0 0 0 0 0 0 11 10  19  19
154 64   37  37  657  658 0 0  3  3 0 0 0 0 13 13 0 0 0 0 0 0  8  6 116 117
155 65   27  27   19   19 0 0  1  1 0 0 0 0  0  0 0 0 0 0 0 0  0  0   1   1
156 65A 268 270  425  426 0 0  9  9 0 0 1 1  3  3 0 0 2 2 0 0  6  4  37  36
157 65B 103 103  281  282 0 0  3  3 0 0 0 0  3  3 0 0 0 0 0 0  5  4  24  24
158 65C   7   7    9    9 0 0  2  2 0 0 0 0  0  0 0 0 0 0 0 0  0  0   1   1
159 66   25  25 1204 1204 2 2  2  2 1 1 3 3 17 17 6 6 1 1 2 2 60 60 240 240
160 67   12  11  888  890 0 1  2  2 1 1 0 0  2  2 1 1 0 1 3 3 16 12 171 172
161 68  133 133  217  217 2 2  8  8 0 0 0 0  1  1 0 0 0 0 0 0  0  0  21  21
162 69   48  48  602  602 0 0  2  2 0 0 0 0  3  3 1 1 0 0 1 1  4  4  63  63
163 69A  27  27  218  220 0 0  4  4 0 0 0 0  1  1 1 1 0 0 0 0  2  0  29  29
164 70   29  29  262  262 0 0  1  1 0 0 0 0  0  0 0 0 0 0 1 1  4  4  34  34
165 71  167 167  784  783 3 3 17 17 0 0 0 0 12 12 6 6 0 0 1 1 19 19 122 123
166 71A 162 162  186  186 1 1  7  7 0 0 0 0  0  0 0 0 0 0 0 0  3  3  11  11
167 73    6   6   15   15 0 0  0  0 0 0 0 0  1  1 0 0 0 0 0 0  0  0   1   1
168 73A 147 146  324  324 1 1  5  7 0 0 0 0  1  0 0 0 0 0 0 0  4  3  15  16
169 73B 315 316  209  209 1 1  1  1 0 0 0 0  1  1 1 1 0 0 0 0 13 12   5   5
170 73C  25  25   68   68 0 0  2  2 0 0 0 0  1  1 0 0 0 0 0 0  1  1   2   2
171 73D  68  68  111  112 0 0  3  3 0 0 0 0  0  0 0 0 0 0 0 0  0  0   7   6
172 73E 142 144  311  312 0 0  7  7 0 0 0 0  0  0 0 0 0 0 0 0 10  8  26  25
173 73F  79  79   50   50 0 0  0  0 0 0 0 0  0  0 0 0 0 0 0 0  0  0   2   2
174 73H 682 682  912  913 1 1 27 27 0 0 0 0  7  7 0 0 0 0 0 0  8  8  55  54
175 73I   3   3   14   14 0 0  0  0 0 0 0 0  0  0 0 0 0 0 0 0  0  0   1   1
176 74  286 286 1010 1010 2 2 14 14 0 0 1 1  9  9 0 0 1 1 0 0 23 23  62  62
177 74A  57  57  460  460 1 1  0  0 0 0 0 0  3  3 0 0 0 0 0 0  4  3  63  64
178 74B 336 337  512  512 1 1 15 15 0 0 0 0  4  4 0 0 0 0 0 0  5  4  18  18
179 74C 130 130  481  481 3 3 11 11 0 0 0 0  7  7 3 3 0 0 2 2 22 22  60  60
180 74D   5   5   88   88 0 0  0  0 0 0 0 0  0  0 0 0 0 0 0 0  2  2  20  20
181 74E 415 415  510  510 1 1 14 14 0 0 0 0  6  6 0 0 0 0 0 0  3  3  28  28
182 74F 234 235  395  395 0 0  8  8 0 0 0 0  4  4 0 0 0 0 0 0  9  8  15  15
183 74G 332 333  641  641 0 0 17 17 1 1 1 1  2  2 0 0 0 0 1 1  6  5  37  37
184 75   51  51  771  772 0 0  8  8 0 0 0 0  6  2 1 5 0 0 0 0 15 15 104 103
185 76   69  69  253  253 1 1 10 10 0 0 0 0  3  3 1 1 0 0 0 0  0  0  17  17
186 76A 126 126  456  456 6 6  7  7 0 0 0 0  1  1 0 0 0 0 0 0  7  7  52  52
187 77  718 729  396  406 6 6 11 12 0 0 0 1  4  4 2 2 0 0 1 1 90 67  24  24
188 77A 363 364  386  386 1 1 12 12 1 1 0 0  6  6 0 0 0 0 0 0  8  7  25  25
189 78  214 214  272  272 1 1 12 12 0 0 0 0 10 10 0 0 1 1 0 0  3  3  20  20
190 79  174 174  482  482 0 0 11 11 0 0 0 0  9  9 0 0 1 1 0 0 12 12  52  52
191 81    6   6  371  372 0 0  0  0 1 1 0 0  2  2 0 0 0 0 0 0 14 13  52  52
192 81A  50  50   40   40 0 0  2  2 0 0 0 0  0  0 0 0 0 0 0 0  1  1   2   2
193 82    21  21 1156 1157  1  1  5  5 0 0 0 0 18 18 2 2 0 0 0 0 12 11 150 150
194 83    59  59  107  108  0  0  4  4 0 0 0 0  0  0 1 1 0 0 0 0  3  3  11  10
195 83A    7   7   31   31  1  1  1  1 0 0 0 0  1  1 0 0 0 0 0 0  0  0   3   3
196 84     6   6  244  244  0  0  0  0 0 0 0 0  5  5 0 0 1 1 1 1  0  0  13  13
197 85     2   2  133  133  0  0  0  0 0 0 0 0  3  3 0 0 0 0 0 0  1  1  32  32
198 86    88  88   88   88  1  1  1  1 0 0 1 1  0  0 0 0 0 0 0 0  3  3   1   1
199 86A   30  30   80   81  0  0  1  1 0 0 0 0  1  1 0 0 0 0 0 0  1  0  12  12
200 86B   33  33  126  127  0  0  0  0 0 0 0 0  0  0 0 0 0 0 0 0  3  2  11  11
201 87     2   2    5    5  1  1  1  1 0 0 0 0  0  0 0 0 0 0 0 0  0  0   0   0
202 87A   96  97  164  164  1  1  7  7 0 0 0 0  6  6 1 0 0 0 0 0 11 10  21  22
203 87B   24  24   23   23  0  0  1  1 0 0 0 0  0  0 0 0 0 0 0 0  4  4   3   3
204 87C    0   0    0    0  0  0  0  0 0 0 0 0  0  0 0 0 0 0 0 0  0  0   0   0
205 88   239 239  313  313  3  3  9  9 1 1 0 0  9  9 2 2 0 0 0 0  8  8  18  18
206 88A   17  17   44   44  0  0  4  4 0 0 0 0  0  0 0 0 0 0 0 0  0  0   0   0
207 88B   75  75  150  150  0  0  7  7 0 0 0 0  1  1 1 1 0 0 0 0  0  0  13  13
208 89   431 431  559  559  5  5 17 17 0 0 0 0  3  3 0 0 0 0 1 1  8  8  31  31
209 90   493 493  234  235  5  5 17 17 0 0 0 0  3  3 0 0 0 0 0 0  7  5  22  23
210 91   195 195  497  498  4  4  6  6 0 0 0 0  5  5 0 0 1 1 1 1  5  5  45  44
211 92   244 244  385  385  0  0  6  6 0 0 0 0  9  9 0 0 0 0 1 1  3  3  39  39
212 92A    2   2    0    0  0  0  0  0 0 0 0 0  0  0 0 0 0 0 0 0  0  0   0   0
213 93   579 581  633  635  1  1 20 20 0 0 1 1  1  1 0 0 0 0 2 2 10  6  36  36
214 93A  409 409  349  349  5  5 13 13 0 0 0 0  3  3 0 0 0 0 1 1  2  2  18  18
215 93B  637 637  762  763  2  2 17 17 0 0 1 1  1  1 1 1 1 1 1 1 16 16  37  36
216 94   440 440  911  911  4  4 17 18 0 0 1 1 12 12 1 1 1 1 0 0  7  5 102 103
217 95   268 268  409  410  1  1 10 10 0 0 0 0  6  6 0 0 0 0 0 0  5  4  36  36
218 95A   89  89  267  267  0  0  2  2 0 0 0 0  3  3 0 0 0 0 0 0  4  3  34  35
219 96   197 197  238  238  0  0  6  6 0 0 1 1  2  2 0 0 1 1 0 0  9  9  29  29
220 96A   86  86  191  191  0  0  4  4 0 0 0 0  0  0 0 0 0 0 0 0  1  1  11  11
221 97   595 596  264  264  1  1  6  6 0 0 0 0  3  4 0 0 0 0 0 0 14 12  70  70
222 97A   70  70   90   91  0  0  1  1 0 0 0 0  1  1 0 0 0 0 0 0  2  2  13  12
223 97B   60  60  364  364  1  1  1  1 0 0 0 0  3  3 1 1 0 0 0 0 17 17  63  63
224 99     1   1  212  213  0  0  0  0 1 1 0 0  4  4 1 1 0 0 0 0 15 14  49  49
225 100    8   8  553  555  2  2  2  2 1 0 0 0  9  9 4 4 1 0 0 0 27 26 107 108
226 101  352 355  344  344  0  0  8  8 0 0 0 0  3  3 1 1 0 0 0 0 14 10  42  43
227 101A  51  51   88   88  1  1  6  6 0 0 1 1  2  2 0 0 0 0 0 0  0  0   6   6
228 102  415 415  542  542  3  3 15 15 0 0 0 0  8  8 0 0 0 0 0 0 16 16  60  60
229 103   83  83  157  158  1  1  4  4 0 0 0 0  2  2 0 0 0 0 0 0  4  4  13  12
230 104  140 143  270  271  0  0  6  6 0 0 3 3  0  0 0 0 0 0 0 0 10  6  34  34
231 104A  33  33   33   33  0  0  0  0 0 0 0 0  0  0 0 0 0 0 0 0  0  0   1   1
232 104B 580 584  826  828  3  3 30 30 0 0 1 1 13 13 0 0 2 2 1 1 28 22  54  54
233 104C  16  16   24   24  0  0  0  0 0 0 0 0  0  0 0 0 0 0 0 0  4  4   8   8
234 105  484 484  548  548  2  2 21 21 0 0 0 0  8  8 0 0 0 0 0 0 10 10  24  24
235 106  436 436  649  650  1  1 20 20 0 0 0 0 13 13 0 0 2 2 0 0 41 40  47  47
236 107  362 362  402  402  0  0 14 14 0 0 0 0  6  6 0 0 0 0 0 0 18 18  46  46
237 108  265 265  448  448  4  4 12 12 0 0 0 0  2  2 1 1 0 0 0 0  7  7  33  33
238 108A  90  90  174  174  2  2  2  2 0 0 0 0  0  0 0 0 1 1 0 0  4  4  24  24
239 108B  24  24   35   35  0  0  1  1 0 0 0 0  1  1 0 0 0 0 0 0  0  0   3   3
240 109   43  43  416  416  2  2  0  0 0 0 1 0 13 13 3 3 0 0 0 0 52 52 102 102
241 110  459 459  601  601 10 10 18 18 0 0 2 2 11 11 1 1 0 0 0 0 18 19 26 25
242 111  261 263  623  626  4  4 11 11 0 0 0 0 16 16 3 3 0 1 0 0 26 17 61 64
243 112  865 866  769  769  2  2 26 27 0 0 0 0 14 14 0 0 0 0 1 1 41 38 53 54
244 113  431 432  604  605  2  2 20 20 0 0 0 0  4  4 0 0 1 1 1 1 10  9 40 39
245 113A 233 234  339  342  1  1 14 14 0 0 0 0  3  3 0 0 0 0 0 0 10  7 31 30
246 114   40  40   93   93  0  0  0  0 0 0 0 0  0  0 2 2 0 0 0 0  7  7 15 15
247 114A  36  36   92   92  0  0  2  2 0 0 0 0  2  2 0 0 0 0 0 0  3  2 22 23
248 114B  41  42   84   84  0  0  0  0 0 0 0 0  3  3 0 0 0 0 0 0  5  4 20 20
249 114C   5   5    1    1  0  0  0  0 0 0 0 0  0  0 0 0 0 0 0 0  0  0  0  0
250 114D   6   6    1    1  0  0  0  0 0 0 0 0  0  0 0 0 0 0 0 0  0  0  0  0
251 115  251 251  309  309  0  0  6  6 0 0 0 0 10 10 1 1 0 0 0 0 17 17 39 39
252 116   30  30   49   49  0  0  1  1 0 0 0 0  0  0 1 1 1 1 0 0  1  1 12 12
253 117  336 336  669  669  4  4 23 23 0 0 1 1  8  9 1 1 1 1 1 2  4  2 59 59
254 117A 422 423  816  817  4  4 10 10 0 0 2 2  9  9 0 0 1 1 2 2 10 10 92 90
255 118  426 426  673  674  3  3 28 28 0 0 1 1 16 16 0 1 0 0 1 1 12 10 69 69
256 119  223 223  284  284  2  2 12 12 1 1 0 0  4  4 0 0 0 0 0 0 10 10 26 26
257 119A 126 126  291  291  0  0 10 10 0 0 1 1  1  1 0 0 2 2 1 1  5  5 21 21
258 120  199 199  523  524  2  2 21 21 0 0 0 0  4  4 1 1 1 1 0 0  8  7 39 39
259 121  206 206  327  327  3  3 10 10 1 1 0 0  4  4 0 0 1 1 0 0  6  6 31 31
260 121A  70  70   52   52  0  0  6  6 0 0 0 0  1  1 0 0 0 0 0 0  0  0  3  3
261 121B   5   5   13   13  0  0  0  0 0 0 0 0  0  0 0 0 0 0 0 0  0  0  2  2
262 121C   0   0    5    5  0  0  0  0 0 0 0 0  0  0 0 0 0 0 0 0  0  0  1  1
263 121D 161 161  225  225  1  1  8  8 0 0 0 0  3  3 0 0 0 0 0 0  3  3 24 24
264 122  113 113  245  245  0  0  5  5 0 0 0 0  2  2 0 0 0 0 0 0  5  5 42 42
265 122A  33  33   29   29  0  0  2  2 0 0 0 0  2  2 0 0 0 0 0 0  1  1  6  6
266 123  188 190  392  392  4  4 19 19 0 0 1 1  3  3 0 0 1 1 1 1  7  7 26 24
267 124  116 116  321  323  3  3 15 15 0 0 1 1  4  4 1 1 0 0 0 0  6  6 49 47
268 124A  46  46   79   79  0  0  4  4 0 0 1 1  1  1 0 0 0 0 0 0  1  1  2  2
269 124B  24  24   49   49  0  0  0  0 0 0 0 0  0  0 0 0 0 0 0 0  1  1  6  6
270 124C  67  67  178  179  1  1  1  1 0 0 0 0  2  2 0 0 0 0 0 0  4  4 16 15
271 125  165 165  474  474  0  0  7  7 0 0 0 0  5  5 1 1 0 0 0 0 14 14 37 37
272 126  100 101  186  187  1  1 13 13 0 0 0 0  1  1 0 0 0 0 0 0  7  6 17 16
273 127  524 527  728  730  0  0 27 27 0 0 0 0 14 14 0 0 2 2 0 0 75 70 61 61
274 127A 245 246  269  269  1  1 18 18 0 0 0 0  2  2 0 0 0 0 0 0  1  0 17 17
275 128  428 427  919  923  1  1 21 21 0 1 1 1 13 13 0 0 0 0 1 4 54 43 90 94
276 128A 367 367  527  527  0  0 21 21 0 0 0 0  7  7 0 0 0 0 0 0  8  8 24 24
277 128B 272 274  367  367  0  0 10 10 0 0 2 1  2  2 0 0 0 0 0 0  9  7 31 32
278 128C 328 330  679  681  0  0 16 16 0 0 0 0  6  6 1 1 0 0 1 1  9  5 28 28
279 128D 188 188  375  376  1  1 19 19 0 0 0 0  7  7 0 0 0 0 0 0  6  6 48 47
280 128E 685 687 1143 1143  5  5 16 16 0 0 0 0 13 13 0 0 2 2 0 0 24 19 39 39
281 128F 145 145  221  221  1  1  7  7 0 0 0 0  4  4 0 0 1 1 0 0  5  5 11 11
282 128G 315 315  565  565  2  2 17 17 0 0 0 0  7  7 0 0 1 1 0 0  8  8 43 43
283 128H 535 535  965  965  0  0 17 17 0 0 1 1 13 12 1 0 2 2 1 1 14 14 50 52
284 128I 515 516  941  942  2  2 12 12 0 0 0 0  3  3 1 1 0 0 0 0  7  4 28 29
285 128J 434 434  650  650  2  2 11 11 0 0 3 3  9  9 1 1 1 1 0 0 12 12 33 33
286 128K   7   7    7    7  0  0  0  0 0 0 0 0  0  0 0 0 0 0 0 0  0  0  1  1
287 129  191 191  287  287  1  1  7  7 0 0 1 1  4  4 0 0 0 0 0 0  4  4 35 35
288 129A  55  55  160  159  0  0  2  2 1 1 0 0  0  0 0 0 0 0 0 0  1  1 10 11
289 130  192 192  416  417 1 1 13 13 0 0 0 0  6  6 0 0 0 0 0 0   6   5  43  43
290 130A 286 288  337  338 0 0 16 16 0 0 0 0  4  4 1 1 1 1 0 0  21  18  20  20
291 130B  13  13   66   66 0 0  0  0 0 0 0 0  0  0 0 0 0 0 0 0   0   0   4   4
292 130C  10  10   27   27 1 1  0  0 0 0 0 0  0  0 0 0 0 0 0 0   2   2   2   2
293 131  140 140  206  206 0 0 11 11 0 0 0 0  1  1 0 0 1 1 0 0   2   2  16  16
294 131A  51  51  147  147 0 0  4  4 0 0 0 0  0  0 0 0 0 0 0 0   2   2  10  10
295 132   83  83  291  292 2 2  6  6 0 0 0 0  1  1 0 0 0 0 0 0   2   1  38  38
296 132A 352 352  690  693 1 1 17 17 1 1 0 0 11 11 0 0 1 2 0 0  21  16  80  81
297 132B  69  69  141  141 2 1  2  2 0 0 0 0  4  4 0 0 0 0 0 0  10  10  26  27
298 132C 504 504  971  972 6 6 16 16 0 0 2 2 16 16 1 1 1 2 1 1  73  71  51  51
299 132D 332 332  632  633 1 1 12 12 0 0 0 0  3  3 1 1 0 0 1 1  16  15  39  39
300 133  127 127  656  655 3 3  6  6 0 0 0 0  9  9 0 0 0 0 0 0  34  35 110 110
301 134  227 227  462  462 0 0  8  8 0 0 1 1 14 14 0 0 0 0 0 0   5   5  43  43
302 135  209 210  148  149 0 0  4  4 0 0 0 0  1  1 0 0 0 0 0 0   4   7   9   4
303 135A   4   4    6    6 0 0  0  0 0 0 0 0  0  0 0 0 0 0 0 0   0   0   0   0
304 135B 144 144  888  896 0 0  0  1 0 0 0 0  5  5 5 6 1 1 0 0  44  11  39  62
305 135C  21  21   26   26 1 1  0  0 0 0 0 0  0  0 0 0 0 0 0 0   0   0   0   0
306 135D   0   0    0    0 0 0  0  0 0 0 0 0  0  0 0 0 0 0 0 0   0   0   0   0
307 136  425 429  703  704 1 2 15 15 0 0 0 0 13 13 1 1 0 0 0 0  67  64  56  53
308 137  334 335  515  516 5 5  7  8 0 0 0 0 26 26 3 3 0 0 1 1  60  53 103 107
309 138  152 153  339  341 2 2  8  8 0 0 0 0  6  6 0 0 0 0 0 0   7   4  30  30
310 140  232 235  456  456 2 2 18 18 0 0 0 0  8  8 0 0 0 0 0 0  16  13  47  47
311 140A 388 388  538  538 1 1 19 19 0 0 0 0  4  4 2 2 0 0 0 0   8   8  55  55
312 141  281 281  326  326 2 2 10 10 0 0 0 0 12 12 0 0 0 0 0 0   8   8  40  40
313 141A  70  70  163  163 0 0 13 13 0 0 1 1  3  3 0 0 2 2 0 0   3   3  17  17
314 142  308 310  340  340 5 5 13 13 0 0 0 0  3  3 0 0 0 0 0 0   6   4  20  20
315 142A  41  41   70   70 0 0  3  3 0 0 0 0  1  1 0 0 0 0 0 0   1   1   6   6
316 142B   0   0    0    0 0 0  0  0 0 0 0 0  0  0 0 0 0 0 0 0   0   0   0   0
317 143   10  10   11   11 1 1  1  1 0 0 0 0  1  1 0 0 0 0 0 0   0   0   0   0
318 144  394 394  699  700 1 1  6  6 1 1 0 0  6  6 1 1 2 2 0 0  16  15  48  48
319 144A 334 335  523  521 6 6 18 18 0 0 1 1  9  8 1 1 0 0 0 0  30  32  32  32
320 144B 428 430  687  689 5 6 22 22 1 1 0 0 10 10 0 0 0 0 0 0  58  51  34  36
321 144C 433 436  943  949 1 1 19 19 2 2 0 0 36 36 3 3 3 3 0 0 125 114 121 123
322 144D 598 600  932  933 4 4 18 18 0 0 0 0 21 21 2 2 1 1 1 1  64  61 100 100
323 144E 424 423  719  721 1 1 13 14 0 0 1 1 10 10 0 0 0 0 0 0  87  83  53  55
324 144F   1   1    8    8 0 0  0  0 0 0 0 0  0  0 0 0 0 0 0 0   0   0   0   0
325 145  220 220  265  265 0 0 11 11 0 0 0 0  1  1 0 0 0 0 0 0   3   3  17  17
326 146   24  24  656  660 0 0  2  2 0 0 0 0  8  8 2 2 1 1 0 0  27  23  71  71
327 147  280 280  547  547 2 2 16 16 1 1 0 0  3  3 0 0 0 0 0 0   5   5  40  40
328 147A  25  25   92   92 0 0  4  4 0 0 0 0  4  4 1 1 0 0 0 0   2   2   9   9
329 148  612 612  858  858 2 2 28 28 1 1 0 0 26 26 2 2 2 2 0 0  90  90  63  63
330 148A 210 210  332  332 0 0 12 13 0 0 0 0 10 10 0 0 0 0 0 0   6   5  32  32
331 148B 163 163  253  254 0 0  8  8 0 0 0 0 10 10 0 0 1 1 0 0   4   3  35  35
332 148C 414 416  661  663 3 3  7  7 0 0 0 0  6  6 1 2 1 1 0 0  12   9  30  28
333 148D 519 523  860  863 3 3 24 24 0 0 1 1 15 15 0 0 2 2 0 0 175 167  50  51
334 148E  46  46   14   14 0 0  2  2 0 0 0 0  2  2 0 0 0 0 0 0   1   1   4   4
335 148F  83  83  180  180 0 0  2  2 0 0 0 0  4  4 0 0 0 0 0 0   5   5   3   3
336 148G 258 258  794  795 3 3  8  8 0 0 0 0  9  9 4 4 1 1 0 0  12  10  67  68
337 148H   1   1    3    3 0 0  0  0 0 0 0 0  0  0 0 0 0 0 0 0  0  0   0   0
338 148J 260 260  741  746 2 2  9  9 0 0 0 0  3  3 0 0 0 0 0 0 18 13  23  23
339 148K  63  63 1233 1237 1 1  5  5 0 0 0 0 22 22 1 1 0 0 0 0 43 39  73  73
340 148L 220 220 1060 1063 0 0  3  3 0 0 0 0 14 14 1 1 0 0 0 0 16 13  65  65
341 148M 272 273  683  684 0 0  8  8 0 0 0 0  9  9 1 1 0 0 0 0 23 21  50  50
342 148N 121 121 1125 1127 2 2  5  5 0 0 0 1  8  8 0 0 1 1 1 1 17 14  84  84
343 148O 439 439  745  747 1 1 28 28 0 0 0 0  9  9 1 2 0 0 0 1 47 43  46  46
344 148P 131 134  732  734 0 0  6  6 0 0 0 0  8  8 0 0 0 0 0 0 31 26  52  52
345 148Q  41  41  596  597 0 0  1  1 0 0 0 0  6  6 1 1 1 1 0 0  8  7  45  45
346 149  480 480  494  494 1 1 13 14 1 1 1 1 13 13 2 2 2 2 1 1 16 15  61  61
347 150  483 483  303  303 2 2 25 25 0 0 0 0  6  6 0 0 0 0 0 0  8  8   9   9
348 150A  68  68   68   68 0 0  3  3 0 0 0 0  0  0 0 0 0 0 0 0  4  4  10  10
349 150B  28  28   33   33 0 0  7  7 0 0 1 1  0  0 0 0 0 0 0 0  0  0   2   2
350 151  112 112   48   48 0 0  2  2 0 0 0 0  0  0 0 0 0 0 0 0  2  2   6   6
351 152  282 282  452  454 2 2 16 16 0 0 1 1  3  3 1 1 0 0 0 0  8  6  45  45
352 153  414 415  628  628 1 1 16 16 0 0 1 1 13 14 0 0 0 1 0 3 41 35  68  68
353 153A 377 377  683  684 5 5 20 20 0 0 1 1  6  6 0 0 0 0 0 0 11 10  20  20
354 153B 401 403  609  609 3 3 17 17 0 0 0 0  7  7 0 0 1 1 0 0 12 10  31  31
355 154  675 676 1072 1073 4 4 25 25 0 0 0 0 20 20 2 2 1 1 0 0 53 50 100 101
356 154A 188 188 1639 1647 5 6 12 14 0 0 2 2 29 30 0 1 0 0 0 0 93 82  64  62
357 154B 453 453   90   90 0 0  4  4 0 0 0 0  2  2 1 1 0 0 0 0  6  6  12  12
358 154C 116 118   10   10 0 0  0  0 0 0 0 0  1  1 0 0 0 0 0 0  6  4   1   1
359 154D 205 206 1022 1025 0 0  7  7 1 1 0 0 15 15 0 0 0 0 0 0 15 12  47  46
360 154E 293 295 1288 1295 3 3 13 13 0 0 1 1 19 19 1 1 0 0 0 0 29 19  81  82
361 154F  37  37  520  521 0 0  0  0 0 0 0 0  6  6 0 0 0 0 0 0 13 12  26  26
362 154G 195 195 2027 2031 2 2 10 10 1 1 0 0 23 23 2 2 0 0 0 0 55 51 119 119
363 155  318 318  461  461 1 1 19 19 0 0 0 0  4  4 0 0 0 1 0 0  8  7  36  36
364 155A 388 388  473  475 0 0 10 10 0 0 0 0 23 23 2 2 2 3 0 0 26 23  78  78
365 155B 377 377  715  716 6 6 18 10 0 0 0 0  5  5 0 0 0 0 1 1 14 35  51  29
366 156  160 161  306  306 0 0  6  6 0 0 1 1  6  6 0 0 0 0 0 0 17 16  32  32
367 156A 182 182  221  222 0 2  5  5 0 0 0 0  4  4 1 1 0 0 0 0 10  7  26  26
368 156B 127 128  111  111 1 1  5  5 0 0 0 0  2  2 0 0 0 0 0 0  4  3  15  15
369 156C  19  19   34   34 0 0  3  3 0 0 0 0  0  0 0 0 0 0 0 0  1  1   2   2
370 157  111 111  790  792 3 4  9 10 0 0 0 0 10 10 1 1 2 3 1 1 25 21 100  99
371 157A  53  53  362  362 0 0  5  5 1 1 0 0 13 13 0 0 0 0 0 0 11 11  31  31
372 157B 135 136  661  662 0 0  9  9 0 0 0 0  4  4 2 2 0 0 0 0 24 23  51  50
373 158  112 113  141  142 0 0  6  6 0 0 0 0  1  1 0 0 0 0 0 0  8  5  17  18
374 159  562 564  721  722 5 5 13 14 0 0 0 0  3  3 1 1 0 0 1 2 11  8  44  42
375 159A 573 573  713  713 2 2 10 10 0 0 0 0  6  6 0 0 1 1 0 0  4  3  29  30
376 159B 494 494  531  532 2 2 17 17 0 0 0 0  3  3 0 0 1 1 0 0  8  8  20  19
377 159C 562 562  633  633 0 0  9  9 0 0 0 0  4  4 0 0 0 0 0 0  7  7  40  40
378 159D 102 102  106  107 1 1  6  6 0 0 0 0  1  1 0 0 0 0 0 0  1  1   6   5
379 159E 628 631  636  638 0 0  9  9 0 1 1 1  6  6 2 2 0 2 0 0 24 17  40  39
380 159F 469 469  638  640 4 4  8  8 0 0 0 0  0  0 0 0 0 0 0 0  9  8  28  27
381 159G  42  42   27   27 0 0  1  1 0 0 0 0  0  0 0 0 0 0 0 0  0  0   0   0
382 159H   8   8   10   10 0 0  1  1 0 0 0 0  0  0 0 0 0 0 0 0  0  0   0   0
383 159I 961 962  915  915 1 1 23 23 1 1 0 0 12 12 0 1 2 2 0 0 17 15  43  43
384 159J 341 343  450  451 2 2 11 11 0 0 0 0  4  4 0 0 0 0 0 0  8  5  26  26
385 159K 379 379  627  629 1 1 11 11 0 0 0 0  4  4 1 1 0 0 0 0   8   7  34  33
386 159L 413 413  510  510 2 2 13 13 0 0 0 0  4  4 0 0 0 0 0 0   9   9  19  19
387 159M   0   0    0    0 0 0  0  0 0 0 0 0  0  0 0 0 0 0 0 0   0   0   0   0
388 159N   0   0    0    0 0 0  0  0 0 0 0 0  0  0 0 0 0 0 0 0   0   0   0   0
389 159O   0   0    0    0 0 0  0  0 0 0 0 0  0  0 0 0 0 0 0 0   0   0   0   0
390 159P 342 342  327  327 0 0  5  5 0 0 1 1  0  0 0 0 0 0 0 0   3   3   4   4
391 159Q 365 365  466  467 0 0 13 13 0 0 0 0  4  4 1 1 0 0 0 0   6   4  23  24
392 160  177 177 1054 1054 0 0  4  4 1 1 0 0 15 15 1 1 1 1 0 0   9   9  55  55
393 161  391 392  337  338 5 5 16 16 0 0 0 0  4  4 1 1 0 0 0 0   8   6  17  17
394 161A  76  76   74   74 0 0  2  2 0 0 0 0  0  0 0 0 0 0 0 0   0   0   2   2
395 161B   0   0    0    0 0 0  0  0 0 0 0 0  0  0 0 0 0 0 0 0   0   0   0   0
396 162  280 280  210  210 1 1  7  7 0 0 0 0  3  3 0 0 0 0 0 0   4   4  19  19
397 162A  89  89  997  998 1 1  7  7 0 0 0 0  8  8 2 2 0 0 0 0  15  14  84  84
398 162B 142 144 1419 1423 1 1  6  8 0 0 0 0 23 23 1 1 0 1 0 0  79  70  73  73
399 162C 138 138  637  637 0 0  4  4 0 0 1 1 17 17 0 0 0 0 1 1  17  17  71  71
400 162D  83  83  630  635 1 1  0  0 0 0 0 0  6  6 0 0 1 1 0 0  14   8  19  20
401 162E 203 205 1092 1092 0 0  3  3 0 0 0 0 29 29 3 3 0 0 1 1 185 182  73  74
402 162F 273 273 1020 1020 0 0  7  7 0 0 0 0  9  9 2 2 0 0 0 0   6   6  58  58
403 162G 151 154 1501 1503 3 4  9 11 0 0 2 2 47 49 6 6 1 3 3 2  90  72 168 175
404 162H  15  15  139  139 0 0  0  0 0 0 0 0  1  1 0 0 0 0 0 0   0   0   4   4
405 162I 157 157   32   32 0 0  2  2 0 0 0 0  2  2 0 0 0 0 0 0   5   5   9   9
406 162J 249 252 1689 1694 1 2 15 16 0 0 0 0 38 38 0 0 3 3 0 0  78  68 108 108
407 162K 270 271 1095 1100 1 1 10 11 1 1 0 1 31 31 0 0 0 1 1 1  65  56 102 102
408 162L  62  62  526  528 0 0  3  3 0 0 0 0  2  2 0 0 0 0 0 0  17  15  20  20
409 163   68  68   96   98 0 0  5  5 0 0 0 0  1  1 1 1 0 0 0 0   3   1   9   9
410 164  182 182  558  558 0 0 11 11 0 0 0 0  5  5 1 1 0 0 0 0  14  13  37  38
411 165   72  73  239  240 0 0  1  1 0 0 0 0  8  8 0 0 0 0 0 0  12  10  29  29
412 166  401 401  430  430 3 3 29 29 0 0 1 1  0  0 0 0 0 0 0 0   2   2  31  31
413 166A 158 158  203  204 2 2  8  8 0 0 0 0  4  4 2 2 0 0 0 0   1   0   4   4
414 166B  81  81  352  353 0 0  1  1 1 1 0 0  7  7 0 0 0 0 0 0   7   6  49  49
415 166C 174 174  164  164 0 0  4  4 0 0 0 0 13 13 0 0 0 0 0 0   5   5  37  37
416 167  278 278   68   68 2 2  4  4 0 0 0 0  7  7 0 0 0 0 0 0   2   2   4   4
417 168   47  47 1111 1114 1 1  6  6 0 0 0 0 19 19 4 4 0 0 0 0  23  20  83  83
418 168A  32  33  751  755 0 0  7  7 0 0 0 0 19 19 1 1 0 0 0 0  23  18  77  77
419 168B  35  35  263  264 1 1  0  0 0 0 0 0  5  5 0 0 0 0 0 0   8   7   8   8
420 169   35  35  278  278 0 0  5  5 0 0 0 0  6  6 0 0 1 1 0 0   3   3  31  31
421 170  114 114  268  268 1 1  6  6 0 0 0 0  4  4 0 0 0 0 0 0   2   2  17  17
422 171  497 498  814  817 3 3 22 23 0 0 0 0 28 27 1 1 0 1 2 2  44  38  90  91
423 171A 494 496 1349 1354 2 2 26 26 0 0 1 1 28 28 1 1 1 1 0 0  73  65 127 128
424 171B  40  40  376  378 0 0  3  3 0 0 0 0  1  1 1 1 0 0 0 0   9   7  40  40
425 171C  87  87  405  406 0 0  9  9 0 0 0 0  4  4 0 0 1 1 0 0   7   5  32  33
426 171D  29  29   35   35 0 0  1  1 0 0 0 0  0  0 0 0 0 0 0 0   0   0   0   0
427 172   31  31  659  660 1 1  2  2 0 0 0 0  6  6 4 4 1 1 0 0  15  14  42  42
428 172A   7   7   15   15 0 0  0  0 0 0 1 1  0  0 0 0 0 0 0 0   0   0   1   1
429 172B   6   6   10   10 0 0  2  2 0 0 0 0  1  1 0 0 0 0 0 0   1   1   0   0
430 172C   1   1    1    1 0 0  0  0 0 0 0 0  0  0 0 0 0 0 0 0   0   0   1   1
431 172D   2   2    0    0 0 0  0  0 0 0 0 0  0  0 0 0 0 0 0 0   0   0   0   0
432 173   16  16  745  747 0 0  1  1 0 0 0 0  6  6 4 4 0 0 0 0  25  23  63  63
433 174  686 694  660  660 2 2 17 17 0 0 0 0 13 13 1 1 2 2 0 0  99  91  49  49
434 174A 608 611  922  924 1 1 21 21 0 0 4 4 15 15 0 0 0 0 2 2 115 110  50  50
435 174B  48  48  200  200 1 1  5  5 0 0 0 0  3  3 0 0 0 0 0 0   1   1  19  19
436 174C 374 374  529  531 1 1 23 23 0 0 1 1  5  6 0 0 0 0 0 0  15  12  28  28
437 175   55  55  843  846 0 0  6  6 0 0 0 0  4  4 2 2 0 0 0 0  26  23  76  76
438 175A  15  15   31   31 0 0  0  0 0 0 0 0  1  1 0 0 0 0 0 0   1   0   1   1
439 176  130 130  277  277 0 0  4  4 0 0 0 0  5  5 2 2 0 0 0 0   3   3  20  20
440 176A 342 345  771  775 2 3 17 17 0 0 0 0 18 18 0 0 0 0 0 0  68  60  25  25
441 176B 285 288  405  407 2 2 14 14 0 0 0 0  5  5 0 0 0 0 0 0  38  33  22  22
442 177    0   0    0    0 0 0  0  0 0 0 0 0  0  0 0 0 0 0 0 0   0   0   0   0
443 178  356 356  490  491 6 6 27 27 0 0 0 0  3  3 0 0 1 1 0 0  22  21  32  32
444 178A 132 132  226  226 0 0  9  9 0 0 1 1  9  9 1 1 0 0 0 0   6   6  26  26
445 179  130 130  431  431 0 0  5  5 0 0 0 0 10 10 0 0 0 0 0 0  13  13  54  54
446 180   62  62  889  897 1 1  9  9 0 0 0 0 14 14 3 2 0 0 0 0  19  10  64  66
447 182   24  24  286  285 0 0  1  1 0 0 0 0 13 13 0 0 0 0 0 0   3   3  40  41
448 183   39  39  605  608 1 1  4  4 0 0 0 0 11 11 1 1 0 0 0 0   7   5  36  35
449 184   27  27  349  350 0 0  2  2 0 0 0 0  4  4 0 0 0 0 0 0   9   8  31  31
450 185   43  43  731  740 1 1  5  5 0 0 0 0  5  5 2 2 0 0 1 1  39  28 105 107
451 186   49  49  983  983 0 0  4  4 0 0 0 0  9  9 2 2 0 0 0 0  20  20  79  79
452 187   48  48  874  874 0 0  1  1 0 0 0 0 14 14 2 2 0 0 0 0  22  22  81  81
453 188   32  32  658  660 0 0  0  0 0 0 0 0  4  4 1 1 0 0 0 0  17  14  61  62
454 189  500 499  510  511 1 1 24 26 0 0 0 0  5  6 0 0 0 0 0 0  47  42  21  23
455 190  693 700  465  467 2 2 26 27 0 0 0 0 13 13 0 0 1 1 0 0  93  83  35  35
456 191  697 703  890  892 2 3 24 25 0 0 2 3 18 18 3 5 3 5 0 0 186 170  52  53
457 193  350 356  692  700 6 6 33 33 0 0 1 1  9  7 1 1 1 1 0 0 180 161  25  32
458 193A 704 706  942  944 1 1 16 16 0 0 0 0 23 23 2 2 1 1 0 0  69  63  71  73
459 193B 551 553 1182 1185 4 4 13 14 0 0 2 2 15 15 1 1 1 1 1 1  35  29  48  48
460 193C 246 246 1453 1459 1 1 10 10 0 0 0 0 11 11 1 1 0 0 0 0  32  27  63  62
461 193D 471 475  742  749 4 5 23 23 0 0 3 3 15 15 1 1 2 2 0 0 139 125  56  58
462 193E 366 367  894  895 2 3 19 19 0 0 0 1  9  9 3 3 0 0 0 0 127 120  39  42
463 193F 340 344  653  655 6 6  8  8 0 0 0 0  8  8 2 2 0 1 0 0  63  56  31  31
464 194  605 605 1050 1065 5 5 16 16 0 0 0 0 15 15 1 1 0 0 0 0  79  79  43  43
465 194A 292 295  937  938 2 2 16 16 0 0 0 0 17 18 1 1 1 1 0 0  77  72  71  71
466 194B 430 431 1318 1326 2 2  6  6 0 0 1 1 24 24 0 0 1 1 0 0  59  51  57  56
467 194C 114 114  381  381 1 1  1  1 0 0 0 0  4  4 1 1 0 0 0 0   6   6  18  18
468 194D  99  99 1293 1297 1 1 12 14 0 0 0 0 30 30 0 1 0 1 2 3  78  69 104 105
469 194E 311 312  815  817 1 1 12 12 0 0 0 0  5  5 2 2 0 0 0 0  23  20  50  50
470 194F  36  36  399  399 0 0  0  0 0 0 0 0  2  2 3 3 0 0 0 0   8   8  22  22
471 194G 356 360  847  853 1 1 10 10 0 0 0 0 10 10 0 0 1 1 0 0  75  65  39  39
472 195  401 403 1029 1031 2 2 14 15 0 0 0 0 26 26 1 1 1 1 1 1  33  26  58  60
473 196  520 520  558  559 1 1 19 19 0 0 1 1  5  5 0 0 1 1 1 1   6   5  31  31
474 196A 276 278  279  279 2 2 29 29 0 0 0 0  0  0 0 0 0 0 0 0   5   3  16  16
475 196B   2   2    5    5 0 0  0  0 0 0 0 0  0  0 0 0 0 0 0 0   0   0   0   0
476 197  519 520  480  480 0 0 15 15 0 0 0 0  2  2 0 0 0 0 0 0   7   6  11  11
477 198  338 338  610  610 4 4 19 19 0 0 1 1 12 12 0 0 1 1 0 1  27  26  70  70
478 198A 436 437  639  641 2 2 10 10 0 0 0 0  7  7 0 0 1 1 0 0  13  10  35  35
479 199  640 643  540  541 2 2 22 22 0 0 0 0 10 10 0 0 1 1 0 0 104 100  29  29
480 199A 121 121  241  241 0 0  8  8 0 0 0 0  3  3 0 0 0 0 0 0   4   4  19  19
481 200  301 301  443  443 0 0 17 17 0 0 1 1  4  4 0 0 2 2 0 0  6  6  35  35
482 201  396 397  535  535 4 4 14 14 0 0 1 1  9  9 0 0 1 1 0 0 10  9  30  30
483 201A 230 230  158  158 2 2  7  7 0 0 0 0  4  4 0 0 0 0 0 0  1  1   8   8
484 202  358 359  343  343 3 3  6  6 0 0 0 0  1  1 0 0 0 0 0 0  4  3  13  13
485 202A 443 443  397  397 4 4 13 13 0 0 0 0  3  3 0 0 0 0 0 0  4  4  24  24
486 203  124 124  107  107 0 0  3  3 0 0 0 0  1  1 0 0 0 0 0 0  1  1   5   5
487 204  568 572  524  524 6 6 17 17 0 0 0 0  9  9 0 0 0 0 0 0 73 69  40  40
488 205  387 388  695  695 4 5 19 19 1 1 0 0 12 12 0 0 2 2 0 0 27 25  69  69
489 205A 421 421  679  679 1 1 10 10 0 0 0 0  4  4 1 1 0 0 0 0  8  8  29  29
490 205B 404 405 1156 1162 2 4 11 12 0 1 1 1 11 12 0 0 3 3 1 1 79 67  67  67
491 205C 365 368 1250 1259 3 5 10 13 0 2 0 0 18 18 1 1 1 2 2 3 76 53  68  70
492 205D 314 314  833  833 2 2 10 10 0 0 0 0  4  4 0 0 1 1 0 0  8  8  26  26
493 205E 175 176  419  419 2 2 11 11 0 0 0 0  0  0 0 0 0 0 0 0  9  8  10  10
494 205F 667 670 1240 1244 6 6 17 17 0 0 0 0  9 10 1 1 1 1 0 0 49 41  36  36
495 205G 642 645 1450 1450 2 2 18 18 0 0 0 0  8  8 0 0 0 0 1 1 41 41  46  43
496 205H 422 422  681  681 1 1 12 12 0 0 0 0  2  2 1 1 0 0 0 0  5  5  25  25
497 206  242 242 1078 1078 0 0  8  8 1 1 0 0 12 12 2 2 2 2 1 1 25 25  76  76
498 206A 584 590  969  972 0 0 30 30 0 0 0 0 10 10 0 0 0 1 0 0 43 33  45  45
499 206B 383 384 1371 1374 1 2  8  9 0 1 1 1 32 32 2 2 1 1 0 0 58 51  68  68
500 206C 290 291  882  882 0 2 11 12 0 0 0 0 20 20 2 2 0 1 2 2 25 19  39  40
501 206D 305 308  977  981 3 4 15 22 0 0 1 1 40 41 0 1 0 0 0 1 95 74 103 106
502 207  136 135  148  148 0 0 12 12 0 0 0 0  2  2 0 0 0 0 0 0  7  7  21  22
503 207A 442 442  484  485 3 3 22 22 0 0 1 1  1  1 0 0 0 0 0 0  7  6  32  32
504 208  325 325  344  344 4 4  9  9 0 0 0 0  4  4 0 0 0 0 0 0  9  9  27  27
505 209  416 416  285  285 0 0 10 10 0 0 0 0  2  2 0 0 1 1 0 0  4  4  14  14
506 210  284 284  309  310 4 4  6  6 0 0 0 0  2  2 0 0 0 0 0 0  2  1  25  25
507 211  776 782  583  584 1 1 20 20 0 0 1 1 17 17 1 1 3 3 0 0 73 66  49  49
508 212  495 495  475  476 2 2 20 20 0 0 3 3  1  1 1 1 0 0 0 0  8  7  22  22
509 213  331 331  547  548 2 2 17 17 0 0 0 0  1  1 1 1 0 0 0 0 19 18  24  24
510 213A  68  68  188  188 1 1  4  4 0 0 0 0  3  3 0 0 0 0 0 0  0  0   5   5
511 214  702 705  646  647 8 9 32 32 0 0 0 0  6  6 0 0 1 1 1 1 51 47  44  43
512 214A 235 235  211  211 1 1  9  9 0 0 0 0  2  2 0 0 1 1 0 0  1  1   7   7
513 215  433 433  400  400 2 2 11 11 0 0 0 0  5  5 0 0 0 0 0 0  8  8  22  22
514 216  725 732  658  658 2 2 23 23 0 0 0 0 19 19 0 0 2 2 0 0 27 20  51  51
515 217  403 403  573  574 4 4 12 12 0 0 0 0  4  4 0 0 0 0 0 0 10  9  28  28
516 218  241 244  688  690 0 0  6  6 0 0 0 0 10 10 2 2 0 0 0 0 30 25  55  55
517 219  335 335  334  334 2 2 12 12 1 1 0 0  3  3 0 0 0 0 0 0  3  3   7   7
518 219A 270 270  738  738 2 2  6  6 0 0 0 0  8  8 0 0 0 0 0 0  8  8  23  23
519 219B 389 389  794  796 2 2  9  9 0 0 0 0  4  4 0 0 0 0 0 0  5  3  12  12
520 219C 534 540 1043 1047 2 2  8  8 0 0 1 1  6  7 0 0 1 3 0 0 78 64  34  35
521 219D 435 435  543  543 1 1 10 10 0 0 1 1  1  1 0 0 0 0 0 0  5  5   8   8
522 219E 116 116  320  320 0 0  4  4 0 0 0 0  2  2 0 0 0 0 0 0  1  1  14  14
523 220  326 331  767  769 2 5 13 13 0 0 0 0 24 24 0 2 1 1 1 1 62 47  81  84
524 220A 351 354  647  649 3 3  8  8 0 0 1 1  7  7 1 1 1 1 0 0 43 38  38  38
525 220B 357 358  785  785 1 1 12 12 0 0 0 0  9  9 1 1 0 0 0 0 31 30  44  44
526 221   42  42  971  991 0 0  9 10 0 0 0 0 17 18 2 2 0 0 0 0 83 62 102 101
527 222   65  65 1053 1059 1 1  8  8 0 0 0 0 18 18 2 2 1 1 0 0 25 20 141 140
528 223   65  65 1105 1108 0 1  7  7 0 0 0 0 22 22 3 3 0 0 0 0 50 44 118 120
529 224   448  448  559  559 2 2 16 16 0 0 3 3  1  1 2 2 0 0 0 0  20  20 34 34
530 225   508  509  648  652 1 1 24 25 0 0 0 0 12 13 1 1 2 2 1 1  53  45 28 29
531 226   298  299  588  589 0 0 12 12 0 0 0 0  1  1 0 0 0 0 0 0   7   5 13 13
532 A001   22   22   12   12 1 1  0  0 0 0 0 0  0  0 0 0 0 0 0 0   0   0  1  1
533 A002    0    0    0    0 0 0  0  0 0 0 0 0  0  0 0 0 0 0 0 0   0   0  0  0
534 A003    0    0    0    0 0 0  0  0 0 0 0 0  0  0 0 0 0 0 0 0   0   0  0  0
535 A004  382  382  278  278 2 2  7  7 0 0 0 0  2  2 0 0 0 0 0 0  11  11  5  5
536 A005  286  286  213  213 1 1 11 11 0 0 0 0  1  1 0 0 1 1 0 0  14  14  2  2
537 A006   31   31   21   21 0 0  1  1 0 0 0 0  0  0 0 0 0 0 0 0   0   0  0  0
538 A007   41   41   26   26 0 0  0  0 0 0 0 0  0  0 0 0 0 0 0 0   1   1  2  2
539 A008  136  136  141  140 0 0  3  3 0 0 0 0  0  0 0 0 0 0 1 1   4   4  4  5
540 A009  162  162  257  257 0 0  5  5 0 0 0 0  2  2 0 0 0 0 0 0  10  10  3  3
541 A010   58   59   52   52 0 0  1  1 0 0 0 0  1  1 0 0 0 0 0 0   1   0  0  0
542 A011   93   93   81   82 1 1  0  0 0 0 1 1  0  0 0 0 0 0 0 0   5   4  3  3
543 A012   75   75   62   62 0 0  1  1 0 0 0 0  0  0 0 0 0 0 0 0   1   1  2  2
544 A013   29   29   15   15 2 2  0  0 0 0 0 0  0  0 0 0 0 0 0 0   0   0  0  0
545 A014   57   57   86   86 0 0  0  0 0 0 0 0  0  0 0 0 0 0 0 0   3   3  0  0
546 A015   13   13    6    6 0 0  1  1 0 0 0 0  0  0 0 0 0 0 0 0   1   1  0  0
547 A016 1496 1497  834  832 2 2 31 31 0 0 1 1  4  4 0 0 0 0 0 0  46  44 10 13
548 A017  794  795  477  477 3 3 15 15 0 0 0 0  2  2 0 0 0 0 0 0  20  19  5  5
549 A018  858  858  638  638 3 3 22 22 0 0 0 0  4  4 0 0 0 0 0 0  46  46  5  5
550 A019   19   19   11   11 0 0  0  0 0 0 0 0  0  0 0 0 0 0 0 0   1   1  0  0
551 A020  236  236  697  701 1 1  8  8 0 0 0 0  2  2 4 4 0 0 0 0  30  26  8  8
552 A021  121  121   87   87 0 0  4  4 0 0 1 1  0  0 0 0 0 0 0 0   8   8  1  1
553 A022    0    0    0    0 0 0  0  0 0 0 0 0  0  0 0 0 0 0 0 0   0   0  0  0
554 A023   60   60   48   48 0 0  1  1 0 0 0 0  0  0 0 0 0 0 0 0   0   0  0  0
555 A024  279  279  160  161 1 1  4  3 0 0 0 0  1  1 0 0 0 0 0 0  14  13  1  2
556 A025  314  315  717  718 0 0  7  7 0 0 0 0  2  2 1 1 0 0 0 0  33  31  5  5
557 A026  196  196  423  423 1 1  0  0 0 0 0 0  0  0 1 1 0 0 0 0  29  26  1  2
558 A027  170  170  174  174 0 0  1  1 0 0 0 0  0  0 0 0 0 0 0 0   7   7  3  3
559 A028  439  438  528  532 0 0 12 12 0 0 1 1  4  3 0 0 1 1 3 3  38  36  6  6
560 A029  288  287  559  559 0 0 10 10 0 0 0 0  2  2 0 0 0 0 0 0  29  27  9 12
561 A030   66   66  127  127 1 1  1  1 0 0 0 0  0  0 0 0 0 0 0 0   7   7  1  1
562 A031  264  266 1495 1495 0 0  9  9 0 0 0 0  4  4 1 1 0 0 0 0  54  52 14 14
563 A032  177  177  118  118 2 2  2  2 0 0 0 0  2  2 0 0 0 0 0 0  10  10  4  4
564 A033 1092 1093  864  864 4 4 30 30 1 1 0 0  5  5 0 0 0 0 0 0  46  45 10 10
565 A034  403  403  382  381 0 0  9  9 0 0 0 0  2  2 1 1 0 0 1 1  18  18  2  3
566 A035 1443 1444 3251 3253 9 9 31 31 0 0 1 1 10 10 1 1 3 3 0 0 122 119 31 31
567 A036    0    0    0    0 0 0  0  0 0 0 0 0  0  0 0 0 0 0 0 0   0   0  0  0
568 A037   53   53  204  205 1 1  2  2 0 0 0 0  0  0 0 0 0 0 0 0  12  11  2  2
569 A038 2153 2155 4811 4820 5 5 51 51 0 0 0 0 13 13 5 5 1 1 2 2 179 168 33 33
570 A039  336  337  509  509 2 2  4  4 0 0 0 0  2  2 1 1 0 0 0 0  25  23  3  4
571 A040   37   37   27   27 0 0  1  1 0 0 0 0  1  1 0 0 0 0 0 0   3   3  0  0
572 A041  378  379  350  350 3 3 15 15 0 0 0 0  4  4 0 0 0 0 1 1  12  11  5  5
573 A042   59   60   50   50 0 0  3  3 0 0 0 0  1  1 0 0 0 0 0 0   2   1  0  0
574 A043  249  249  139  139 3 3  7  7 0 0 0 0  0  0 0 0 0 0 0 0   5   4  1  2
575 A044    7    7    6    6 0 0  0  0 0 0 0 0  0  0 0 0 0 0 0 0   1   1  0  0
576 A045   85   85   90   91 0 0  4  4 0 0 0 0  0  0 0 0 0 0 0 0   8   8  4  3
577 A046   68   68  71  71 0 0  1  1 0 0 1 1 0 0 0 0 0 0 0 0 11 11  0  0
578 A047    0    0   0   0 0 0  0  0 0 0 0 0 0 0 0 0 0 0 0 0  0  0  0  0
579 A048  236  236 191 191 2 2  6  6 0 0 0 0 3 3 0 0 0 0 0 0 11 11  1  1
580 A049   30   30  28  28 0 0  2  2 0 0 0 0 0 0 0 0 0 0 0 0  1  1  0  0
581 A050   78   78  57  57 0 0  2  2 0 0 0 0 0 0 0 0 0 0 0 0  8  8  0  0
582 A051   25   25  14  14 0 0  2  2 0 0 0 0 0 0 0 0 0 0 0 0  0  0  2  2
583 A052    0    0   0   0 0 0  0  0 0 0 0 0 0 0 0 0 0 0 0 0  0  0  0  0
584 A053  129  128 138 138 2 2  4  4 0 0 0 0 0 0 0 0 0 0 0 0  8  8  1  2
585 A054   62   61  44  44 0 0  2  2 0 0 0 0 1 1 0 0 0 0 0 0  1  1  1  2
586 A055  371  372 176 176 0 0 10 10 0 0 0 0 2 2 0 0 0 0 0 0 11 10  0  0
587 A056  132  133  31  31 0 0  1  1 0 0 0 0 0 0 0 0 0 0 0 0  5  4  0  0
588 A057  300  301 463 461 1 1  3  3 0 0 1 1 2 2 0 0 0 0 0 0 22 21  0  2
589 A058 1472 1474 785 784 8 8 27 27 0 0 1 1 3 3 0 0 0 0 0 0 58 57  9  9
590 A059   34   34  30  30 0 0  1  1 0 0 0 0 3 3 0 0 0 0 0 0  1  1  0  0
591 A060   66   66  68  68 0 0  4  4 0 0 0 0 0 0 0 0 0 0 0 0  6  6  1  1
592 A061  287  286 194 194 1 1  4  4 0 0 0 0 1 1 0 0 0 0 0 0 11 12  0  0
593 A062   40   40  27  27 2 2  2  2 0 0 0 0 0 0 0 0 0 0 0 0  3  3  1  1
594 A063   34   34  37  37 0 0  0  0 0 0 0 0 0 0 0 0 0 0 0 0  1  1  0  0
595 A064 1031 1033 594 595 1 1 20 21 0 0 1 1 4 4 0 0 0 0 0 0 33 29 10 10
596 A065   32   32  28  28 0 0  3  3 0 0 0 0 0 0 0 0 0 0 0 0  1  1  0  0
597 A066  676  676 426 427 2 2 13 13 0 0 1 1 2 2 0 0 0 0 0 0 21 18  1  3
598 A067   47   47  43  43 0 0  0  0 0 0 0 0 0 0 0 0 0 0 0 0  8  8  2  2
599 A068   52   52  44  44 0 0  0  0 0 0 0 0 0 0 0 0 0 0 0 0  2  2  1  1
600 A069   15   15  11  11 0 0  1  1 0 0 0 0 0 0 0 0 0 0 0 0  2  2  0  0
601 A070  185  185 199 199 2 2  9  9 0 0 0 0 1 1 1 1 0 0 0 0 15 15  4  4
602 A071   11   11  14  14 0 0  0  0 0 0 0 0 0 0 0 0 0 0 0 0  0  0  0  0
603 A072   40   40  35  35 0 0  1  1 0 0 0 0 0 0 0 0 0 0 0 0  1  1  0  0
604 A073   51   51 153 152 0 0  0  0 0 0 0 0 1 1 0 0 0 0 0 0  6  6  3  4
605 A074  159  159 136 136 0 0  1  1 0 0 0 0 0 0 0 0 0 0 0 0  5  5  1  1
606 A075    5    5   0   0 0 0  0  0 0 0 0 0 0 0 0 0 0 0 0 0  0  0  0  0
607 A076    2    2   0   0 0 0  0  0 0 0 0 0 0 0 0 0 0 0 0 0  0  0  0  0
608 A077   14   14   8   8 0 0  0  0 0 0 0 0 0 0 0 0 0 0 0 0  1  1  1  1
609 A078  145  144 776 782 4 4  8  8 0 0 0 0 2 2 0 0 1 1 0 0 40 35 26 26
610 A079    0    0  14  14 0 0  0  0 0 0 0 0 0 0 0 0 0 0 0 0  0  0  0  0
611 A080   21   21  69  68 0 0  0  0 0 0 0 0 0 0 0 0 0 0 0 0  3  2  3  5
612 A081   25   25  23  23 0 0  1  1 0 0 0 0 4 4 0 0 0 0 0 0  2  2  0  0
613 A082   27   27  17  17 1 1  1  1 0 0 0 0 0 0 2 2 0 0 0 0  0  0  0  0
614 A083   14   14   6   6 1 1  1  1 0 0 0 0 0 0 0 0 0 0 1 1  0  0  0  0
615 A084   99  100 151 149 0 0  2  2 0 0 0 0 0 0 0 0 0 0 0 0 14 15  9  9
616 A085   42   42  38  38 2 2  3  3 0 0 0 0 0 0 0 0 0 0 0 0  5  5  0  0
617 A086   15   15  10  10 0 0  0  0 0 0 0 0 0 0 0 0 0 0 0 0  1  1  0  0
618 A087    5    5   4   4 0 0  1  1 0 0 0 0 0 0 0 0 0 0 0 0  0  0  0  0
619 A088    1    1   2   2 0 0  0  0 0 0 0 0 0 0 0 0 0 0 0 0  0  0  0  0
620 A089  116  116  96  96 0 0  6  6 0 0 0 0 0 0 1 1 0 0 0 0  2  2  3  3
621 A090   12   12  14  14 0 0  1  1 0 0 0 0 0 0 0 0 0 0 0 0  0  0  0  0
622 A091  147  147  81  81 2 2  9  9 0 0 0 0 1 1 0 0 0 0 0 0  5  5  1  1
623 A092   19   19  35  35 0 0  0  0 0 0 0 0 1 1 0 0 0 0 0 0  1  1  0  0
624 A093   32   32  45  45 0 0  0  0 0 0 0 0 0 0 0 0 0 0 0 0  3  3  2  2
625 A094 174 174 207 207 2 2 4 4 0 0 0 0 0 0 0 0 0 0 0 0 13 13 2 2
626 A095   4   4   1   1 1 1 0 0 0 0 0 0 0 0 0 0 0 0 0 0  0  0 0 0
627 A096 131 131 104 104 0 0 2 2 0 0 0 0 0 0 1 1 0 0 1 1  2  2 2 2
628 A097  10  10  10  10 0 0 0 0 0 0 0 0 0 0 0 0 0 0 0 0  0  0 1 1
629 A098  16  16  14  14 0 0 0 0 0 0 0 0 0 0 0 0 0 0 0 0  0  0 0 0
630 A099   5   5   4   4 0 0 0 0 0 0 0 0 0 0 0 0 0 0 0 0  1  1 0 0
631 A100  25  25  20  20 0 0 1 1 0 0 0 0 0 0 0 0 0 0 0 0  2  2 1 1
632 A101   0   0   5   5 0 0 0 0 0 0 0 0 0 0 0 0 0 0 0 0  0  0 0 0
633 A102   3   3   2   2 0 0 0 0 0 0 0 0 0 0 0 0 0 0 0 0  0  0 0 0
634 A103   0   0   4   4 0 0 0 0 0 0 0 0 0 0 0 0 0 0 0 0  0  0 0 0
635 A104   4   4   0   0 0 0 0 0 0 0 0 0 0 0 0 0 0 0 0 0  1  1 0 0
636 A105   5   5   5   5 0 0 0 0 0 0 0 0 0 0 0 0 0 0 0 0  0  0 0 0
637 A106  11  11  12  12 0 0 1 1 0 0 0 0 0 0 0 0 0 0 0 0  3  3 0 0
