precinct      mccollum    nelson simonetta   deckard     logan    martin  mccormick   writein
  0001           472       565        10         4        20         2          7         0
  001A           650       307         2         1         3         1          0         0
  001B           488       514         7         5        14         1          1         0
  001C           554       428         9         4        12         3          6         0
  0002           794       664        13         4        17         2          4         0
  0003           607       765        13         5        21         4          8         0
  003A           246       259         7         7         8         1          0         0
  003B           233       330         3         1         3         0          1         0
  003C           635       526         4         4         8         0          3         0
  0004           354       433        12         4        12         3          3         0
  004A           408       396         9         0         7         4          2         0
  004B           576       496        13         3        14         2          6         0
  004C           284       274         2         0         1         2          0         0
  004D           509       637        10         2         8         2          3         0
  004E           314       323         4         0         5         0          2         0
  004F             0         0         0         0         0         0          0         0
  0005           223       330         4         0         7         0          6         0
  005A           532       615        16         8        11         3          8         0
  005B           758       840        20         4        13         3          2         0
  005C           301       299         5         2         6         0          2         0
  005D           434       516         9         2        15         9         10         0
  005E           267       201         2         0         6         0          0         0
  0006           613       636         9         4        19         1          9         0
  006A           407       407        11         6        18         2          5         0
  006B           109       197         2         5         8         5          2         0
  006C           477       419         9         5        13         0          4         0
  0007           601       485         7         7        10         0          5         0
  007A            14        17         0         0         0         0          0         0
  0008           509       429         9         3        10         1          1         0
  008A           305       195         2         2         0         1          0         0
  0012           235       282         4         4         9         1          1         0
  012A           615       613        11        10        18         1         13         0
  012B           212       158         3         1         6         2          3         0
  012C           731       707         6        12        25         2         11         0
  012D           516       505        11         3        17         2          8         0
  012E             0         0         0         0         0         0          0         0
  0013           386       768         9         3        15         2          5         0
  013A            70       132         3         2         0         0          1         0
  013B            50        84         2         1         1         0          1         0
  013C           108       196         1         0         2         4          1         0
  013D            22        24         1         0         1         0          0         0
  0014           548       360        11         1         8         2          3         0
  0016           688       694        10         5        20         0          7         0
  016A           241       688         4         3         3         1          4         0
  0017           206       253         5         2         8         0          6         0
  017B            79        96         1         1         0         1          1         0
  0018           230       412         7         2         9         7          4         0
  018A           432       786         8         4        10         7          5         0
  018B           385       754        11         3        14         5          2         0
  018C           417       915        11         4        15         1          7         0
  018D           578     1023        12         8        21         2          4         0
  018E            95       150         4         2         1         5          2         0
  018F           111       206         5         0         0         3          2         0
  018G            25        18         0         0         1         0          1         0
  018H             9        33         0         0         0         0          0         0
  018I            81       152         1         1         6         1          0         0
  018J           402       892        15         2        13         1          6         0
  0019           391     1230         9        10         8         4          5         0
  019A           521       732        10         2        11         2          7         0
  0020            86       426         2         1         1         0          0         0
  0021            73       409         6         1         0         0          4         0
  021A             3        65         1         0         1         0          0         0
  0022            85       740        10         1         4         3          3         0
  0023            90       507         7         3         2         2          1         0
  0024           167     1185         5         1         5         4          2         0
  0025           224       246         2         3         2         1          0         0
  025A           170       160         4         0         5         1          0         0
  025B           214       235         5         2         6         3          1         0
  0026           226       275         2         1        16         2          1         0
  026A           265       462         3         1         9         6          5         0
  026B           222       310         7         1         4         1          5         0
  026C           306       240         1         5         5         2          1         0
  0027           273       683        12         2        10         4          4         0
  0028           645       390         6         0         6         0          3         0
  0029           262     1047        15         2         5         0          4         0
  029A           417       506         7         6        11         1          9         0
  029B            79       717         4         1         2         4          0         0
  029C           323       346         6         1        10         1          1         0
  029D           337       495         9         6         6         1          5         0
  029E             0         0         0         0         0         0          0         0
  029F             9        44         1         0         0         1          0         0
  0030           243       592         8         2        12         2          2         0
  030A           234       704         4         1         5         1          3         0
  030B           413       879        10         3        19         7          7         0
  0031           514       678        10         6        11         1          9         0
  031A           533       581         4         1        15         2          7         0
  031B           131       293         3         0         3         0          1         0
  031C           216       341         9         5        12         0          2         0
  031D           423       488         6         1         9         0          2         0
  031E           129        85         0         0         1         1          0         0
  031F             0         0         0         0         0         0          0         0
  031G             0         0         0         0         0         0          0         0
  031H             2         0         0         0         0         0          0         0
  0032           530       646        11         2        23         3          6         0
  032A           453       576        11         5        19         4          8         0
  0033           280        58         0         0         0         0          0         0
  0034           176       219         6         2         1         1          1         0
  0035             5        17         1         0         0         0          0         0
  0036            90        61         0         2         0         1          1         0
  0037           274       288         5         4         7         2          6         0
  0038             8       138         0         0         1         0          1         0
  038A             1         1         0         0         0         0          0         0
  0039           247       259         6         2        13         0          3         0
  0040            61       419         4         0         1         0          1         0
  0041           609       852        14        14        29         1         10         0
  041A           354       361         5         2        15         3          9         0
  041B           676       815        20         7        22         4         15         0
  041C           413       457         9         4        13         1          6         0
  041D           485       627         7         6        10         4         10         0
  0042           529       640        11         2        12         4          4         0
  042A           385       319         6         3         9         2          1         0
  0043            26        55         0         0         0         0          0         0
  0044            82       174         2         0         3         0          1         0
  044A            31       182         1         2         6         1          1         0
  044B            41       201         0         1         9         1          1         0
  044C            35        42         0         0         1         0          0         0
  044D             0         0         0         0         0         0          0         0
  044E             0         0         0         0         0         0          0         0
  0045           518       669        11         1        16         2          8         0
  045A           384       516         8         2        15         1          1         0
  0046           113       151         3         0         4         0          3         0
  046A           128       170         4         1         4         0          2         0
  046B            15        26         0         0         0         0          0         0
  0047           453       584         9         5        14         1          2         0
  047A           702       666         9         2         9         1          2         0
  047B           433       471         3         4         5         0          1         0
  047C           680       666         7         0         9         2          2         0
  047D           407       653         8         2         9         0          1         0
  0048           611       513         7         2        11         4          3         0
  0049           602       614        12         4        15         1          6         0
  0050           376       333         3         2         5         2          1         0
  0051           285       465         9         3         6         4          4         0
  0052           623       628        12         4        13         5          2         0
  052A            52        48         0         1         0         0          1         0
  0053           271       351         8         3         8         2          2         0
  0054            20       273         8         0         5         0          3         0
  0055            24       267         0         1         3         0          0         0
  0056           131       228         3         1         4         3          1         0
  056A            12        75         0         0         5         1          1         0
  056B            75       172         1         0         6         2          1         0
  056C            49       193         1         1         6         0          3         0
  0057           341       597         8         2        15         2          4         0
  0058           425       340         9         4         5         3          3         0
  058A           472       421         8         2         1         1          2         0
  0059            52     1239         8         4        52         4         13         0
  059A             0         0         0         0         0         0          0         0
  0060            76       548         6         2         3         1          1         0
  0061           144     1110        10         4         5         1          6         0
  061A           206       215         1         0         2         1          0         0
  061B           198       368         5         4        10         4          0         0
  061C             9         7         0         0         0         0          0         0
  0062            72       857         2         2        46         1          6         0
  0063           278       264         3         2         6         0          1         0
  0064            60       675         6         2        13         1          7         0
  0065            24        23         0         0         0         0          0         0
  065A           277       409        10         2         6         1          1         0
  065B           115       264         6         0        13         1          2         0
  065C             8         7         0         2         0         0          0         0
  0066            73     1269         8         2        42         3          8         0
  0067            45       841         3         2        87         2          4         0
  0068           129       224         2         0         6         2          3         0
  0069            63       604         2         0        19         0          3         0
  069A            31       225         2         0         8         1          0         0
  0070            34       255         0         1         8         0          5         0
  0071           186       811         6         5        23         2          9         0
  071A           156       183         2         1         4         1          1         0
  0073             6        11         0         0         0         0          0         0
  073A           155       308         3         1         8         0          0         0
  073B           298       213         0         1         6         0          0         0
  073C            23        66         0         0         1         0          2         0
  073D            72       107         2         1         1         0          2         0
  073E           159       296         3         0         8         1          2         0
  073F            75        56         0         0         0         0          0         0
  073H           653       931        21         4         8         5          4         0
  073I             4        14         0         0         0         0          0         0
  0074           295       989         8         3        23         5          6         0
  074A            70       453         3         1        29         1          0         0
  074B           338       480         7         6         9         1          1         0
  074C           143       470         4         1        16         2          2         0
  074D            12        86         1         0         1         2          2         0
  074E           408       513         3         3         6         3          3         0
  074F           236       375         3         3        15         0          3         0
  074G           339       604         7         8        15         3          3         0
  0075            75       758         4         7        26         3          6         0
  0076            84       239         8         1         2         1          0         0
  076A           127       460         6         1         8         1          4         0
  0077           731       410         3         2         7         2          2         0
  077A           353       380         4         0         5         0          3         0
  0078           222       268         4         2        12         1          3         0
  0079           194       474         2         5        19         3          5         0
  0081             9       388         0         1        12         1          1         0
  081A            47        42         1         0         1         0          0         0
  0082            44     1205         5         0        45         2          4         0
  0083            58       108         1         1         2         0          0         0
  083A             6        30         1         0         1         0          1         0
  0084            11       216         1         1        12         1          2         0
  0085             7       139         1         1         8         0          1         0
  0086            89        84         1         0         0         0          3         0
  086A            30        83         1         1         1         1          0         0
  086B            42       103         2         2         8         1          1         0
  0087             4         4         0         1         0         0          0         0
  087A            84       181         3         2         4         1          1         0
  087B            18        28         2         0         1         0          0         0
  087C             0         0         0         0         0         0          0         0
  0088           225       334         4         1         6         2          1         0
  088A            18        42         0         0         0         1          2         0
  088B            75       158         2         0         2         0          1         0
  0089           428       538         4         8        15         2          5         0
  0090           486       238         2         0         4         1          1         0
  0091           194       486         8         3         9         3          7         0
  0092           247       379         6         4         6         4          7         0
  092A             1         1         0         0         0         0          0         0
  0093           596       589         6         4        19         1          8         0
  093A           382       359         6         6         6         2          4         0
  093B           616       737        14         8        21         1          9         0
  0094           442       926        10         6        26         7          5         0
  0095           278       408         1         3         9         7          4         0
  095A            97       249         2         3        11         4          1         0
  0096           200       218         2         0        13         3          1         0
  096A            82       183         4         0         4         0          2         0
  0097           549       321         6         1         3         4          2         0
  097A            60       102         1         1         0         1          0         0
  097B            52       386         4         1         9         2          4         0
  0099             9       217         1         0         3         0          2         0
  0100            22       574         6         1        11         2          2         0
  0101           351       350         7         1         1         0          2         0
  101A            50        87         4         2         5         2          2         0
  0102           438       485         9         2        16         6          5         0
  0103            94       133         2         3         8         2          2         0
  0104           139       273         5         4         6         1          2         0
  104A            31        30         1         0         1         0          0         0
  104B           586       810        15        10        14         6         12         0
  104C            16        27         2         1         0         1          1         0
  0105           496       532         2         2        14         0          5         0
  0106           449       668         8         7        11         3          1         0
  0107           361       389        11         2        15         6          4         0
  0108           277       413         6         2        22         1          4         0
  108A           103       171         2         1         2         3          0         0
  108B            22        38         1         0         1         0          0         0
  0109            52       465         7         2        14         5          2         0
  0110           463       606         8         3         6         3          6         0
  0111           273       610         5         1         8         4          2         0
  0112           801       845         6         1        16         8          6         0
  0113           432       603         5         4        12         0          9         0
  113A           236       340        10         3        11         2          3         0
  0114            37       104         0         1         0         1          0         0
  114A            33       103         1         0         0         0          0         0
  114B            40        97         1         0         2         0          0         0
  114C             4         1         0         0         0         0          0         0
  114D             4         2         0         0         0         0          0         0
  0115           224       337         3         4         5         4          4         0
  0116            29        53         0         1         2         0          0         0
  0117           366       644         9         4        14         9          9         0
  117A           407       800        12         4        19        10         16         0
  0118           454       650        12        11        25         6         15         0
  0119           234       276         1         1         9         1          3         0
  119A           131       282         5         2         9         1          3         0
  0120           229       497         7         2        15         3          6         0
  0121           200       317         7         2        13         5          3         0
  121A            68        57         1         1         1         0          0         0
  121B             4        14         0         0         0         0          0         0
  121C             1         5         0         0         0         0          0         0
  121D           161       231         2         1         5         1          2         0
  0122           114       244         3         1         6         4          4         0
  122A            28        35         0         2         1         0          0         0
  0123           221       370         4         0         5         1          4         0
  0124           111       338         3         3        12         7          2         0
  124A            48        74         3         0         3         0          0         0
  124B            29        47         0         1         2         0          0         0
  124C            76       172         1         0         2         1          2         0
  0125           170       481         4         3         6         0          1         0
  0126           102       186         3         0         6         0          5         0
  0127           560       755        11         0        14         4          2         0
  127A           251       262         4         6         5         1          2         0
  0128           445       925        14         5        15         6         13         0
  128A           366       503         9         7        14         7          3         0
  128B           275       355         7         0         9         1          7         0
  128C           336       675        12         0         7         1          0         0
  128D           208       372        10         1        10         4          3         0
  128E           686     1109        10         4        29         3          7         0
  128F           157       207         5         1         7         2          3         0
  128G           299       544        17         4        11         4          8         0
  128H           565       913        11         2        20         6          3         0
  128I           514       875        12         6        13         6         11         0
  128J           431       648        14         3         6         0          1         0
  128K             7         7         1         0         0         0          0         0
  0129           181       298         7         2         8         1          4         0
  129A            57       149         2         1         4         2          2         0
  0130           221       386         7         2        12         3          2         0
  130A           298       338         5         1        10         2          2         0
  130B            14        64         1         0         1         0          0         0
  130C             9        29         1         0         0         0          0         0
  0131           131       209         1         3         5         2          1         0
  131A            68       127         3         3         1         4          0         0
  0132            78       286         3         3         2         3          3         0
  132A           374       691         8         3        19         1          6         0
  132B            84       147         1         2         1         1          1         0
  132C           554       945        14         5        21         4          7         0
  132D           338       623        10         2         5         1          3         0
  0133           155       647         4         4         3         4          1         0
  0134           244       461         7         1         9         1          2         0
  0135           201       144         9         3         4         0          3         0
  135A             2         8         0         0         0         0          0         0
  135B           195       879         1         4         0         2          2         0
  135C            26        17         1         3         0         0          0         0
  135D             0         0         0         0         0         0          0         0
  0136           435       713        10         7        14         8          9         0
  0137           345       582         8         3         7         5          6         0
  0138           160       332         2         2         8         6          5         0
  0140           245       468         7         4         8         6          6         0
  140A           376       555         3         2        12         6          4         0
  0141           290       329         7         3         2         3          5         0
  141A            74       170         5         2         9         2          2         0
  0142           309       328         9         2         7         2          4         0
  142A            39        72         0         1         2         0          2         0
  142B             0         0         0         0         0         0          0         0
  0143            10        12         0         1         0         0          1         0
  0144           381       718         5         5        10         1          5         0
  144A           324       537         6         2        19         5         13         0
  144B           444       675        13         3        22         7         10         0
  144C           493     1016        17         6        17         7          6         0
  144D           623       945        10         5        31         7          9         0
  144E           435       749         2         6        26         3          6         0
  144F             1         8         0         0         0         0          0         0
  0145           210       275         3         0         8         1          5         0
  0146            27       703         3         0         6         0          2         0
  0147           276       551         2         4        12         1          4         0
  147A            29        95         2         0         1         2          0         0
  0148           625       913        16         6        18         4          9         0
  148A           217       351         3         2         6         0          1         0
  148B           162       273         2         1         5         1          1         0
  148C           438       618        16         1        11         2          6         0
  148D           609       883        17         4        16         1          8         0
  148E            43        18         0         1         0         0          1         0
  148F            77       180         2         2         3         1          1         0
  148G           253       827         9         3        10         1          2         0
  148H             1         2         0         0         0         0          0         0
  148J           267       704        12         2        10         2          3         0
  148K            83     1291         1         1         4         1          1         0
  148L           227     1047         8         4         6         0          4         0
  148M           273       713         4         0         8         3          1         0
  148N           141     1138        11         1         4         1          1         0
  148O           489       733         7         4        12         3         11         0
  148P           163       741         4         1         2         0          1         0
  148Q            49       617         4         2         1         1          0         0
  0149           468       535         6         4         7         2          6         0
  0150           465       318         8         2         9         1          3         0
  150A            71        66         1         0         2         0          1         0
  150B            30        31         0         1         1         0          0         0
  0151           106        52         0         1         1         0          0         0
  0152           289       449         9         5        10         3          4         0
  0153           435       629         9         2         8         1          4         0
  153A           381       653        11         3        13         1          7         0
  153B           394       576         7         6        16         7          5         0
  0154           688     1136        15         3         9         3          2         0
  154A           227     1674         5         5         6         2          1         0
  154B           423       117         0         0         1         0          0         0
  154C           108        16         0         0         0         0          0         0
  154D           218     1008         4         2         6         3          1         0
  154E           322     1303        10         6         7         3          1         0
  154F            52       505         4         0         5         0          0         0
  154G           260     2048         4         3         6         7          3         0
  0155           328       453         8         3        13         3          3         0
  155A           395       515         9         3         3         0          6         0
  155B           398       711        17         3         5         2          5         0
  0156           163       307         6         1         4         0          3         0
  156A           176       234         5         0         2         3          1         0
  156B           127       115         0         1         0         0          3         0
  156C            18        40         0         0         0         0          0         0
  0157           117       836         6         4        12         3          8         0
  157A            59       389         5         0         2         1          1         0
  157B           133       656         8         2        10         3          6         0
  0158           112       145         3         1         2         1          3         0
  0159           554       694         6         5        12         5          5         0
  159A           548       704         7         3        16         1         11         0
  159B           477       528         5         8        14         5          3         0
  159C           539       622        10         0        11         1          2         0
  159D           101       111         1         0         2         0          2         0
  159E           638       612         9         0        17         3          6         0
  159F           475       606         5         5         5         0          2         0
  159G            44        23         0         0         1         0          0         0
  159H            10         7         0         0         1         0          0         0
  159I           944       897         9         3        28         3          7         0
  159J           349       426         6         3        10         2          5         0
  159K           392       597        11         3         6         1          8         0
  159L           413       485         7         2        15         2          5         0
  159M             0         0         0         0         0         0          0         0
  159N             0         0         0         0         0         0          0         0
  159O             0         0         0         0         0         0          0         0
  159P           319       325         5         1         3         1          1         0
  159Q           346       452        11         6        13         1          4         0
  0160           205     1032         5         1         3         3          0         0
  0161           383       347         4         3         5         0          4         0
  161A            74        71         0         1         2         0          1         0
  161B             0         0         0         0         0         0          0         0
  0162           277       219         4         0         5         2          2         0
  162A           107     1019         4         1         6         2          1         0
  162B           168     1468         6         2         6         4          3         0
  162C           150       685         2         1         2         3          1         0
  162D            88       618         2         0         1         2          0         0
  162E           251     1223         6         3         3         2          3         0
  162F           290     1006         7         5         6         1          3         0
  162G           194     1604        15         3         4         5          6         0
  162H            19       136         0         0         0         0          0         0
  162I           159        34         2         0         0         0          0         0
  162J           279     1778         8         1         6         3          2         0
  162K           295     1181         3         2         6         2          5         0
  162L            82       512         3         2         0         0          1         0
  0163            73        97         1         1         1         1          0         0
  0164           185       572         9         2         8         1          4         0
  0165            83       237         5         3         0         2          0         0
  0166           377       466         7         1        12         1          4         0
  166A           162       192         5         2         4         0          1         0
  166B            80       373         8         1         4         1          2         0
  166C           176       199         5         0         2         1          0         0
  0167           263        89         1         1         0         0          2         0
  0168            67     1123         8         3         0         3          1         0
  168A            47       780         9         0         0         0          1         0
  168B            34       264         2         0         0         3          1         0
  0169            46       291         6         0         0         1          1         0
  0170           114       272         0         1         5         2          3         0
  0171           498       853        12         5         9         8          7         0
  171A           509     1439        12         6        16         3          1         0
  171B            44       377         1         2         7         1          2         0
  171C            87       384         5         4        16         3          4         0
  171D            28        31         1         0         2         0          0         0
  0172            33       655         5         1        14         0          2         0
  172A             7        16         1         0         0         0          0         0
  172B             5        10         0         0         0         0          1         0
  172C             2         1         0         0         0         0          0         0
  172D             1         0         0         0         0         0          0         0
  0173            15       781         6         3         3         0          0         0
  0174           726       668         9         5        11         3          6         0
  174A           652       931        16         4        13         7          5         0
  174B            58       196         2         1         6         3          2         0
  174C           386       522         3         2         4         1          2         0
  0175            53       843         9         3        10         4          2         0
  175A            13        33         0         0         0         0          0         0
  0176           137       276         3         0         2         0          1         0
  176A           370       794         3         1         7         1          5         0
  176B           293       422         9         4         7         1          1         0
  0177             0         0         0         0         0         0          0         0
  0178           364       500         9         4        13         2          3         0
  178A           137       229         3         0         3         0          2         0
  0179           144       464         6         2         0         0          0         0
  0180            68       922         5         4         1         1          1         0
  0182            28       315         1         1         0         1          0         0
  0183            51       602         3         2         0         0          1         0
  0184            38       361         2         0         1         0          0         0
  0185            69       764         7         2         0         2          3         0
  0186            83       996         6         2         1         4          1         0
  0187            62       898         4         6         0         3          0         0
  0188            48       667         0         1         1         1          0         0
  0189           473       537        10         3        17         1          1         0
  0190           732       495         4         2         2         3          4         0
  0191           764       913        10         3        13         6          5         0
  0193           384       740        11         5        12         7          3         0
  193A           701       966         4         7        12         0          3         0
  193B           578     1131         5         6        13         8          4         0
  193C           277     1429         6         3         1         0          4         0
  193D           508       777        15         3        11         3          7         0
  193E           433       899         3         2         8         1          3         0
  193F           366       658         4         2         9         2          3         0
  0194           619     1106         6         3         9         4          5         0
  194A           334       983         8         2         9         0          7         0
  194B           476     1281         2         1        13         4          3         0
  194C           116       386         1         1         0         1          0         0
  194D           136     1375         4         1         3         4          2         0
  194E           324       806        10         0        14         2          1         0
  194F            48       397         0         2         2         0          0         0
  194G           384       840         3         2         0         6          5         0
  0195           396     1035        13         2         5         8          3         0
  0196           513       558         2         5         4         5          4         0
  196A           279       290         2         2         6         3          2         0
  196B             2         5         0         0         0         0          0         0
  0197           513       471         3         1        11         0          4         0
  0198           337       632        15         0        14         4          3         0
  198A           437       619         5         4        10         4          7         0
  0199           677       547         7         3        10         2          1         0
  199A           114       243         4         0         8         3          4         0
  0200           298       443         7         2         4         2          5         0
  0201           400       513         6         3        11         2          7         0
  201A           219       163         3         0         7         0          1         0
  0202           336       348         6         4         8         0          4         0
  202A           426       410         1         0         4         3          2         0
  0203           123       108         1         0         1         0          0         0
  0204           588       555         8         0         8         0          5         0
  0205           423       689         7         6         8         7          8         0
  205A           423       670         1         3        10         4          3         0
  205B           420     1170         8         4        19         5          4         0
  205C           396     1265         7         0         4         4          4         0
  205D           327       808         7         2         4         1          1         0
  205E           177       411         6         2         7         0          3         0
  205F           711     1160         9         2        18         4          4         0
  205G           671     1375        10         3        21         7          4         0
  205H           426       640         3         4         9         3          1         0
  0206           259     1079        15         1        10         1          3         0
  206A           591       944        11         4        14         4          5         0
  206B           403     1371         7         3         5         5          6         0
  206C           305       871        10         7         5         4          4         0
  206D           337     1055         8         2        11         4          2         0
  0207           144       143         2         1         8         0          1         0
  207A           448       485         2         6        11         2          3         0
  0208           325       346         4         2         5         1          0         0
  0209           404       284         3         1         8         0          1         0
  0210           278       299         4         2         9         2          3         0
  0211           788       636         4         2         9         3          2         0
  0212           491       485         4         5         6         3          1         0
  0213           331       537         5         6        10         0          3         0
  213A            79       173         1         1         1         0          1         0
  0214           671       717         9         0        22         2          6         0
  214A           216       222         3         1         4         0          2         0
  0215           438       401         2         2         6         0          2         0
  0216           742       646         9         3        19         2          8         0
  0217           413       562         5         1         4         1          5         0
  0218           250       701         7         0         3         2          4         0
  0219           324       347         1         0         6         0          1         0
  219A           298       698         1         1         4         1          0         0
  219B           414       742         1         2         5         2          2         0
  219C           628       944         3         2         6         1          2         0
  219D           427       522         5         2         7         0          4         0
  219E           122       318         0         0         3         0          0         0
  0220           341       842         6         0         7         5          4         0
  220A           373       634        14         5         5         7          5         0
  220B           366       781         8         5         4         4          7         0
  0221            68     1068         4         3         1         1          3         0
  0222            96     1106         5         3         4         3          3         0
  0223            77     1163         4         0         2         4          1         0
  0224           433       569         8         3         4         2          4         0
  0225           494       682         9        10         9         3          2         0
  0226           318       552         2         2         5         0          0         0
  A001                12        19         1         0         0         0          0         0
  A002                 0         0         0         0         0         0          0         0
  A003                 0         0         0         0         0         0          0         0
  A004               354       272         1         5         4         2          3         0
  A005               265       218         1         3         4         0          2         0
  A006                29        20         1         0         0         0          0         0
  A007                38        23         1         1         0         0          0         0
  A008               130       132         0         3         1         1          2         0
  A009               155       241         3         0         2         0          0         0
  A010                56        48         1         1         1         0          1         0
  A011                82        84         1         1         2         0          0         0
  A012                74        56         0         1         1         1          0         0
  A013                28        16         0         0         1         0          0         0
  A014                51        83         1         0         0         1          0         0
  A015                12         5         0         0         0         1          0         0
  A016             1409       807        14         8        11         5          4         0
  A017               759       461         6         3         8         1          1         0
  A018               814       630         8         7        13         1          4         0
  A019                20         9         0         0         0         0          1         0
  A020               232       666         7         5         9         0          1         0
  A021               121        83         0         1         2         0          0         0
  A022                 0         0         0         0         0         0          0         0
  A023                56        45         1         0         0         1          0         0
  A024               268       154         2         2         3         0          2         0
  A025               310       677         9         0         3         0          1         0
  A026               196       406         2         1         3         0          0         0
  A027               152       169         3         3         2         0          0         0
  A028               428       511         3         1        12         0          3         0
  A029               282       520         7         4         7         3          2         0
  A030                71       120         0         1         0         1          0         0
  A031               283     1407         7         2         2         0          2         0
  A032               155       136         0         0         2         0          1         0
  A033             1016       883         6         3        12         2          3         0
  A034               401       331         6         2         6         0          2         0
  A035             1351     3150        28        11        31        10         10         0
  A036                 0         0         0         0         0         0          0         0
  A037                55       198         0         0         1         0          0         0
  A038             2062     4347        28        16        25         7          7         0
  A039               314       482         2         2         2         2          0         0
  A040                36        25         1         0         0         0          1         0
  A041               359       325         4         4         6         1          5         0
  A042                49        47         0         1         0         0          0         0
  A043               234       138         2         3         5         2          0         0
  A044                 4         6         0         0         0         0          0         0
  A045                76        94         0         2         3         0          0         0
  A046                69        70         1         0         1         0          0         0
  A047                 0         0         0         0         0         0          0         0
  A048               217       186         3         1         2         1          2         0
  A049                28        31         0         0         0         0          0         0
  A050                78        57         4         0         0         0          0         0
  A051                24        16         1         0         1         0          0         0
  A052                 0         0         0         0         0         0          0         0
  A053               119       144         0         0         3         0          0         0
  A054                61        37         0         2         1         0          1         0
  A055               359       169         2         0         2         2          1         0
  A056               127        33         0         0         2         0          0         0
  A057               291       417         4         1         6         1          1         0
  A058             1449       720         4         6        11         2          5         0
  A059                31        26         0         3         2         0          0         0
  A060                62        69         1         0         1         0          0         0
  A061               262       189         3         1         1         1          1         0
  A062                37        28         0         0         1         0          0         0
  A063                30        33         0         0         0         0          0         0
  A064             1004       551         4         4         6         0          1         0
  A065                31        25         0         0         0         0          0         0
  A066               641       397        12         1         6         2          4         0
  A067                48        41         0         1         0         0          0         0
  A068                47        38         0         0         1         0          0         0
  A069                15        10         0         0         1         0          0         0
  A070               185       184         2         0         7         2          0         0
  A071                11         9         0         0         3         0          0         0
  A072                32        35         1         0         2         0          0         0
  A073                48       150         0         0         0         0          0         0
  A074               165       125         0         0         0         0          1         0
  A075                 5         0         0         0         0         0          0         0
  A076                 2         0         0         0         0         0          0         0
  A077                14         7         0         0         1         0          1         0
  A078               146       675         5         5        48         1          4         0
  A079                 1        10         0         0         1         0          0         0
  A080                15        70         1         0         2         0          1         0
  A081                21        24         0         0         0         0          3         0
  A082                25        13         0         0         0         0          0         0
  A083                14         8         1         0         0         0          0         0
  A084               100       139         2         1         7         0          1         0
  A085                36        42         0         2         0         0          0         0
  A086                17         6         0         1         1         0          0         0
  A087                 5         5         0         0         0         0          0         0
  A088                 1         2         0         0         0         0          0         0
  A089               110        94         3         0         3         0          0         0
  A090                12        13         0         0         0         0          0         0
  A091               141        85         1         1         1         0          0         0
  A092                21        32         0         0         0         0          0         0
  A093                30        40         1         0         1         0          1         0
  A094               166       178         0         4         7         0          2         0
  A095                 5         1         0         0         0         0          0         0
  A096               127        94         0         2         2         1          0         0
  A097                12         7         0         0         1         0          1         0
  A098                15        14         1         0         0         0          0         0
  A099                 4         4         0         0         1         0          0         0
  A100                23        18         0         2         0         0          3         0
  A101                 0         4         0         0         0         0          0         0
  A102                 3         2         0         0         0         0          0         0
  A103                 1         3         0         0         0         0          0         0
  A104                 4         0         0         0         0         0          0         0
  A105                 0	 0	   0	     0	       0	 0	    0	      0
  A106                 7        16         0         0         0         0          0         0
