precinct         foley     brown   mcguire    writein
1  000649       375        22         0
1A  00668       206        13         0
1B  00656       330        15         0
1C  00674       262        21         0
2  0001030       393        21         0
3  000833       505        40         0
3A  00331       174        14         0
3B  00329       221         6         0
3C  00820       325        17         0
4  000436       324        20         0
4A  00467       288        21         0
4B  00712       318        13         0
4C  00325       202         2         0
4D  00678       436        22         0
4E  00383       239         7         0
4F  -99         -99          -99           -99
5  000305       219        13         0
5A  00697       426        32         0
5B  00953       564        35         0
5C  00421       171        10         0
5D  00617       336        31         0
5E  00304       150         6         0
6  000794       419        34         0
6A  -99         -99          -99           -99
6B  -99         -99          -99           -99
6C  -99         -99          -99           -99
7  -99         -99          -99           -99
7A  -99         -99          -99           -99
8  -99         -99          -99           -99
8A  -99         -99          -99           -99
12  00315       194        17         0
12A  0813       385        46         0
12B  0259        94         8         0
12C  0955       455        44         0
12D  0676       325        42         0
12E  00         0         0         0
13  00590       521        23         0
13A  0100        89         1         0
13B  072        53         5         0
13C  0157       134        10         0
13D  028        19         1         0
14  00672       230         9         0
16  00902       458        35         0
16A  0306       558         9         0
17  00253       199        15         0
17B  090        72         6         0
18  -99         -99          -99           -99
18A  0547       583        30         0
18B  0550       540        30         0
18C  0602       661        22         0
18D  0782       781        28         0
18E  -99         -99          -99           -99
18F  0139       157         3         0
18G  -99         -99          -99           -99
18H  -99         -99          -99           -99
18I  -99         -99          -99           -99
18J  0552       670        18         0
19  00626       888        16         0
19A  0664       545        22         0
20  00109       358        11         0
21  0087       371         5         0
21A  04        62         0         0
22  00129       635         6         0
23  00107       416        14         0
24  00355       902        14         0
25  00292       151        12         0
25A  -99         -99          -99           -99
25B  -99         -99          -99           -99
26  -99         -99          -99           -99
26A  -99         -99          -99           -99
26B  0288       216        21         0
26C  0385       139        13         0
27  00340       544        15         0
28  -99         -99          -99           -99
29  00421       802        12         0
29A  0534       351        26         0
29B  0146       578         4         0
29C  0400       237        16         0
29D  0472       342        15         0
29E  00         0         0         0
29F  016        35         3         0
30  00367       443        16         0
30A  0321       564         8         0
30B  0609       658        22         0
31  -99         -99          -99           -99
31A  0669       428        19         0
31B  -99         -99          -99           -99
31C  0303       240        15         0
31D  -99         -99          -99           -99
31E  -99         -99          -99           -99
31F  00         0         0         0
31G  00         0         0         0
31H  01         0         0         0
32  00737       435        24         0
32A  0633       377        44         0
33  -99         -99          -99           -99
34  -99         -99          -99           -99
35  -99         -99          -99           -99
36  -99         -99          -99           -99
37  00343       172         7         0
38  -99         -99          -99           -99
38A  02         0         0         0
39  -99         -99          -99           -99
40  0071       359         8         0
41  00776       650        41         0
41A  0453       231        19         0
41B  0909       556        49         0
41C  0516       331        20         0
41D  0631       434        45         0
42  00746       404        27         0
42A  0466       219        12         0
43  0035        38         0         0
44  -99         -99          -99           -99
44A  -99         -99          -99           -99
44B  -99         -99          -99           -99
44C  042        35         1         0
44D  00         0         0         0
44E  00         0         0         0
45  -99         -99          -99           -99
45A  -99         -99          -99           -99
46  -99         -99          -99           -99
46A  0170       116        10         0
46B  -99         -99          -99           -99
47  00560       423        38         0
47A  0917       418        29         0
47B  0548       324        12         0
47C  0832       432        14         0
47D  0568       442        14         0
48  -99         -99          -99           -99
49  -99         -99          -99           -99
50  -99         -99          -99           -99
51  -99         -99          -99           -99
52  -99         -99          -99           -99
52A  -99         -99          -99           -99
53  -99         -99          -99           -99
54  -99         -99          -99           -99
55  -99         -99          -99           -99
56  -99         -99          -99           -99
56A  -99         -99          -99           -99
56B  -99         -99          -99           -99
56C  -99         -99          -99           -99
57  -99         -99          -99           -99
58  -99         -99          -99           -99
58A  -99         -99          -99           -99
59  -99         -99          -99           -99
59A  -99         -99          -99           -99
60  00115       466         4         0
61  00277       851        13         0
61A  0244       152         1         0
61B  0254       300        12         0
61C  -99         -99          -99           -99
62  -99         -99          -99           -99
63  -99         -99          -99           -99
64  -99         -99          -99           -99
65  -99         -99          -99           -99
65A  0343       295        11         0
65B  0164       201         6         0
65C  011         6         2         0
66  -99         -99          -99           -99
67  -99         -99          -99           -99
68  -99         -99          -99           -99
69  -99         -99          -99           -99
69A  -99         -99          -99           -99
70  -99         -99          -99           -99
71  -99         -99          -99           -99
71A  -99         -99          -99           -99
73  -99         -99          -99           -99
73A  -99         -99          -99           -99
73B  0361       125         3         0
73C  -99         -99          -99           -99
73D  086        86         3         0
73E  -99         -99          -99           -99
73F  090        33         0         0
73H  0853       651        26         0
73I  05        11         0         0
74  00501       739        14         0
74A  -99         -99          -99           -99
74B  0454       337        17         0
74C  -99         -99          -99           -99
74D  -99         -99          -99           -99
74E  0546       350         6         0
74F  0341       250        11         0
74G  0476       439        21         0
75  -99         -99          -99           -99
76  -99         -99          -99           -99
76A  -99         -99          -99           -99
77  -99         -99          -99           -99
77A  -99         -99          -99           -99
78  00310       180         7         0
79  00242       402        15         0
81  -99         -99          -99           -99
81A  -99         -99          -99           -99
82  -99         -99          -99           -99
83  -99         -99          -99           -99
83A  -99         -99          -99           -99
84  -99         -99          -99           -99
85  -99         -99          -99           -99
86  -99         -99          -99           -99
86A  -99         -99          -99           -99
86B  -99         -99          -99           -99
87  -99         -99          -99           -99
87A  -99         -99          -99           -99
87B  -99         -99          -99           -99
87C  -99         -99          -99           -99
88  -99         -99          -99           -99
88A  -99         -99          -99           -99
88B  -99         -99          -99           -99
89  -99         -99          -99           -99
90  -99         -99          -99           -99
91  00301       337        13         0
92  -99         -99          -99           -99
92A  -99         -99          -99           -99
93  -99         -99          -99           -99
93A  0492       219        22         0
93B  -99         -99          -99           -99
94  00660       670        37         0
95  00373       294        19         0
95A  0122       218        12         0
96  -99         -99          -99           -99
96A  -99         -99          -99           -99
97  00645       168        12         0
97A  -99         -99          -99           -99
97B  -99         -99          -99           -99
99  -99         -99          -99           -99
100  -99         -99          -99           -99
101  -99         -99          -99           -99
101A  -99         -99          -99           -99
102  -99         -99          -99           -99
103  -99         -99          -99           -99
104  0216       182        17         0
104A  -99         -99          -99           -99
104B  785       561        47         0
104C  24        22         1         0
105  -99         -99          -99           -99
106  -99         -99          -99           -99
107  -99         -99          -99           -99
108  -99         -99          -99           -99
108A  -99         -99          -99           -99
108B  33        27         2         0
109  -99         -99          -99           -99
110  -99         -99          -99           -99
111  -99         -99          -99           -99
112  -99         -99          -99           -99
113  0599       405        30         0
113A  -99         -99          -99           -99
114  -99         -99          -99           -99
114A  44        65         1         0
114B  -99         -99          -99           -99
114C  4         0         0         0
114D  6         1         0         0
115  0299       223        10         0
116  -99         -99          -99           -99
117  0492       476        29         0
117A  554       605        39         0
118  -99         -99          -99           -99
119  -99         -99          -99           -99
119A  -99         -99          -99           -99
120  -99         -99          -99           -99
121  -99         -99          -99           -99
121A  -99         -99          -99           -99
121B  -99         -99          -99           -99
121C  -99         -99          -99           -99
121D  -99         -99          -99           -99
122  -99         -99          -99           -99
122A  -99         -99          -99           -99
123  -99         -99          -99           -99
124  -99         -99          -99           -99
124A  -99         -99          -99           -99
124B  -99         -99          -99           -99
124C  -99         -99          -99           -99
125  -99         -99          -99           -99
126  -99         -99          -99           -99
127  -99         -99          -99           -99
127A  -99         -99          -99           -99
128  -99         -99          -99           -99
128A  -99         -99          -99           -99
128B  366       245        13         0
128C  494       463        14         0
128D  -99         -99          -99           -99
128E  -99         -99          -99           -99
128F  -99         -99          -99           -99
128G  -99         -99          -99           -99
128H  -99         -99          -99           -99
128I  -99         -99          -99           -99
128J  -99         -99          -99           -99
128K  -99         -99          -99           -99
129  -99         -99          -99           -99
129A  -99         -99          -99           -99
130  -99         -99          -99           -99
130A  -99         -99          -99           -99
130B  -99         -99          -99           -99
130C  -99         -99          -99           -99
131  -99         -99          -99           -99
131A  -99         -99          -99           -99
132  -99         -99          -99           -99
132A  -99         -99          -99           -99
132B  -99         -99          -99           -99
132C  -99         -99          -99           -99
132D  -99         -99          -99           -99
133  -99         -99          -99           -99
134  -99         -99          -99           -99
135  0232       114        10         0
135A  -99         -99          -99           -99
135B  275       732         7         0
135C  25        19         3         0
135D  -99         -99          -99           -99
136  -99         -99          -99           -99
137  0420       429        19         0
138  -99         -99          -99           -99
140  -99         -99          -99           -99
140A  -99         -99          -99           -99
141  -99         -99          -99           -99
141A  -99         -99          -99           -99
142  -99         -99          -99           -99
142A  -99         -99          -99           -99
142B  -99         -99          -99           -99
143  015         7         2         0
144  0542       510        23         0
144A  -99         -99          -99           -99
144B  630       468        41         0
144C  722       752        44         0
144D  893       659        35         0
144E  613       526        55         0
144F  0         3         0         0
145  -99         -99          -99           -99
146  -99         -99          -99           -99
147  -99         -99          -99           -99
147A  -99         -99          -99           -99
148  -99         -99          -99           -99
148A  -99         -99          -99           -99
148B  -99         -99          -99           -99
148C  -99         -99          -99           -99
148D  -99         -99          -99           -99
148E  -99         -99          -99           -99
148F  101       144         7         0
148G  -99         -99          -99           -99
148H  -99         -99          -99           -99
148J  -99         -99          -99           -99
148K  -99         -99          -99           -99
148L  -99         -99          -99           -99
148M  -99         -99          -99           -99
148N  -99         -99          -99           -99
148O  -99         -99          -99           -99
148P  -99         -99          -99           -99
148Q  -99         -99          -99           -99
149  -99         -99          -99           -99
150  -99         -99          -99           -99
150A  -99         -99          -99           -99
150B  -99         -99          -99           -99
151  -99         -99          -99           -99
152  -99         -99          -99           -99
153  -99         -99          -99           -99
153A  -99         -99          -99           -99
153B  -99         -99          -99           -99
154  -99         -99          -99           -99
154A  -99         -99          -99           -99
154B  -99         -99          -99           -99
154C  -99         -99          -99           -99
154D  -99         -99          -99           -99
154E  -99         -99          -99           -99
154F  -99         -99          -99           -99
154G  -99         -99          -99           -99
155  -99         -99          -99           -99
155A  -99         -99          -99           -99
155B  -99         -99          -99           -99
156  -99         -99          -99           -99
156A  -99         -99          -99           -99
156B  -99         -99          -99           -99
156C  -99         -99          -99           -99
157  -99         -99          -99           -99
157A  -99         -99          -99           -99
157B  -99         -99          -99           -99
158  -99         -99          -99           -99
159  0748       468        33         0
159A  791       436        24         0
159B  -99         -99          -99           -99
159C  -99         -99          -99           -99
159D  137        72         2         0
159E  791       425        26         0
159F  655       406        19         0
159G  47        16         4         0
159H  9         3         3         0
159I  -99         -99          -99           -99
159J  445       300        19         0
159K  509       438        23         0
159L  511       366        22         0
159M  0         0         0         0
159N  0         0         0         0
159O  0         0         0         0
159P  451       179         6         0
159Q  476       327        14         0
160  -99         -99          -99           -99
161  -99         -99          -99           -99
161A  -99         -99          -99           -99
161B  -99         -99          -99           -99
162  -99         -99          -99           -99
162A  -99         -99          -99           -99
162B  -99         -99          -99           -99
162C  -99         -99          -99           -99
162D  -99         -99          -99           -99
162E  -99         -99          -99           -99
162F  -99         -99          -99           -99
162G  -99         -99          -99           -99
162H  -99         -99          -99           -99
162I  -99         -99          -99           -99
162J  -99         -99          -99           -99
162K  -99         -99          -99           -99
162L  -99         -99          -99           -99
163  -99         -99          -99           -99
164  -99         -99          -99           -99
165  -99         -99          -99           -99
166  -99         -99          -99           -99
166A  -99         -99          -99           -99
166B  -99         -99          -99           -99
166C  -99         -99          -99           -99
167  -99         -99          -99           -99
168  -99         -99          -99           -99
168A  -99         -99          -99           -99
168B  -99         -99          -99           -99
169  -99         -99          -99           -99
170  -99         -99          -99           -99
171  -99         -99          -99           -99
171A  -99         -99          -99           -99
171B  -99         -99          -99           -99
171C  -99         -99          -99           -99
171D  -99         -99          -99           -99
172  -99         -99          -99           -99
172A  -99         -99          -99           -99
172B  -99         -99          -99           -99
172C  -99         -99          -99           -99
172D  -99         -99          -99           -99
173  -99         -99          -99           -99
174  -99         -99          -99           -99
174A  -99         -99          -99           -99
174B  -99         -99          -99           -99
174C  -99         -99          -99           -99
175  -99         -99          -99           -99
175A  -99         -99          -99           -99
176  -99         -99          -99           -99
176A  -99         -99          -99           -99
176B  -99         -99          -99           -99
177  -99         -99          -99           -99
178  -99         -99          -99           -99
178A  -99         -99          -99           -99
179  -99         -99          -99           -99
180  -99         -99          -99           -99
182  -99         -99          -99           -99
183  -99         -99          -99           -99
184  -99         -99          -99           -99
185  -99         -99          -99           -99
186  -99         -99          -99           -99
187  -99         -99          -99           -99
188  -99         -99          -99           -99
189  -99         -99          -99           -99
190  -99         -99          -99           -99
191  -99         -99          -99           -99
193  -99         -99          -99           -99
193A  -99         -99          -99           -99
193B  -99         -99          -99           -99
193C  -99         -99          -99           -99
193D  -99         -99          -99           -99
193E  -99         -99          -99           -99
193F  -99         -99          -99           -99
194  -99         -99          -99           -99
194A  -99         -99          -99           -99
194B  -99         -99          -99           -99
194C  -99         -99          -99           -99
194D  -99         -99          -99           -99
194E  -99         -99          -99           -99
194F  -99         -99          -99           -99
194G  -99         -99          -99           -99
195  -99         -99          -99           -99
196  -99         -99          -99           -99
196A  -99         -99          -99           -99
196B  -99         -99          -99           -99
197  -99         -99          -99           -99
198  -99         -99          -99           -99
198A  -99         -99          -99           -99
199  -99         -99          -99           -99
199A  -99         -99          -99           -99
200  -99         -99          -99           -99
201  -99         -99          -99           -99
201A  -99         -99          -99           -99
202  -99         -99          -99           -99
202A  -99         -99          -99           -99
203  -99         -99          -99           -99
204  -99         -99          -99           -99
205  -99         -99          -99           -99
205A  -99         -99          -99           -99
205B  -99         -99          -99           -99
205C  -99         -99          -99           -99
205D  -99         -99          -99           -99
205E  -99         -99          -99           -99
205F  -99         -99          -99           -99
205G  -99         -99          -99           -99
205H  -99         -99          -99           -99
206  -99         -99          -99           -99
206A  -99         -99          -99           -99
206B  -99         -99          -99           -99
206C  -99         -99          -99           -99
206D  -99         -99          -99           -99
207  -99         -99          -99           -99
207A  -99         -99          -99           -99
208  -99         -99          -99           -99
209  -99         -99          -99           -99
210  -99         -99          -99           -99
211  -99         -99          -99           -99
212  -99         -99          -99           -99
213  -99         -99          -99           -99
213A  -99         -99          -99           -99
214  -99         -99          -99           -99
214A  -99         -99          -99           -99
215  -99         -99          -99           -99
216  -99         -99          -99           -99
217  -99         -99          -99           -99
218  -99         -99          -99           -99
219  -99         -99          -99           -99
219A  -99         -99          -99           -99
219B  -99         -99          -99           -99
219C  -99         -99          -99           -99
219D  -99         -99          -99           -99
219E  -99         -99          -99           -99
220  -99         -99          -99           -99
220A  -99         -99          -99           -99
220B  -99         -99          -99           -99
221  -99         -99          -99           -99
222  -99         -99          -99           -99
223  -99         -99          -99           -99
224  -99         -99          -99           -99
225  -99         -99          -99           -99
226  -99         -99          -99           -99
A001  21        10         1         0
A002  0         0         0         0
A003  0         0         0         0
A004  435       200         6         0
A005  330       140        15         0
A006  32        17         0         0
A007  44        21         0         0
A008  159       105         3         0
A009  206       186         5         0
A010  70        29         6         0
A011  116        53         2         0
A012  83        50         1         0
A013  37         7         0         0
A014  71        63         2         0
A015  14         5         1         0
A016  1626       586        28         0
A017  904       307        23         0
A018  994       457        14         0
A019  20         8         1         0
A020  307       578        14         0
A021  141        68         1         0
A022  0         0         0         0
A023  61        32         1         0
A024  314       108         6         0
A025  408       576         9         0
A026  246       355         5         0
A027  196       128         6         0
A028  575       370        16         0
A029  367       442        18         0
A030  84       103         0         0
A031  -99         -99          -99           -99
A032  -99         -99          -99           -99
A033  -99         -99          -99           -99
A034  -99         -99          -99           -99
A035  -99         -99          -99           -99
A036  -99         -99          -99           -99
A037  -99         -99          -99           -99
A038  -99         -99          -99           -99
A039  -99         -99          -99           -99
A040  -99         -99          -99           -99
A041  -99         -99          -99           -99
A042  -99         -99          -99           -99
A043  -99         -99          -99           -99
A044  -99         -99          -99           -99
A045  -99         -99          -99           -99
A046  -99         -99          -99           -99
A047  -99         -99          -99           -99
A048  -99         -99          -99           -99
A049  -99         -99          -99           -99
A050  -99         -99          -99           -99
A051  -99         -99          -99           -99
A052  -99         -99          -99           -99
A053  -99         -99          -99           -99
A054  -99         -99          -99           -99
A055  -99         -99          -99           -99
A056  -99         -99          -99           -99
A057  -99         -99          -99           -99
A058  -99         -99          -99           -99
A059  -99         -99          -99           -99
A060  -99         -99          -99           -99
A061  -99         -99          -99           -99
A062  -99         -99          -99           -99
A063  -99         -99          -99           -99
A064  -99         -99          -99           -99
A065  -99         -99          -99           -99
A066  -99         -99          -99           -99
A067  -99         -99          -99           -99
A068  -99         -99          -99           -99
A069  -99         -99          -99           -99
A070  -99         -99          -99           -99
A071  -99         -99          -99           -99
A072  -99         -99          -99           -99
A073  -99         -99          -99           -99
A074  -99         -99          -99           -99
A075  -99         -99          -99           -99
A076  -99         -99          -99           -99
A077  -99         -99          -99           -99
A078  -99         -99          -99           -99
A079  -99         -99          -99           -99
A080  -99         -99          -99           -99
A081  -99         -99          -99           -99
A082  -99         -99          -99           -99
A083  -99         -99          -99           -99
A084  -99         -99          -99           -99
A085  -99         -99          -99           -99
A086  -99         -99          -99           -99
A087  -99         -99          -99           -99
A088  -99         -99          -99           -99
A089  -99         -99          -99           -99
A090  -99         -99          -99           -99
A091  -99         -99          -99           -99
A092  -99         -99          -99           -99
A093  -99         -99          -99           -99
A094  -99         -99          -99           -99
A095  -99         -99          -99           -99
A096  -99         -99          -99           -99
A097  -99         -99          -99           -99
A098  -99         -99          -99           -99
A099  -99         -99          -99           -99
A100  -99         -99          -99           -99
A101  1         3         0         0
A102  -99         -99          -99           -99
A103  -99         -99          -99           -99
A104  -99         -99          -99           -99
A105  -99         -99          -99           -99
A106  -99         -99          -99           -99
